$SPEC_ID:
none
$SPEC_REM:
DET# 1
DETDESC# Donnie Sheehan III - Easy-MCA-2k SN 14163589
AP# Maestro Version 7.01
$DATE_MEA:
03/16/2020 16:23:18
$MEAS_TIM:
235 235
$DATA:
0 2047
       0
       0
       0
       0
       0
       0
       0
       0
       0
       0
       0
       0
       0
       0
       0
       0
       0
       0
       0
       0
       0
       0
       0
       0
       0
       0
       0
       0
       0
       0
       0
       0
       0
       0
       0
       0
       0
       0
       4
       3
       2
       4
       3
       5
       6
       2
       6
       5
      11
       5
       5
       3
       3
       5
       7
       7
       3
       8
       9
       6
       5
       7
      12
       6
       8
      10
       3
       6
       5
       3
       9
       4
       8
       5
       8
       6
       4
       7
       8
       3
       8
       8
       9
       6
       8
       5
       6
      10
       6
       9
       6
       5
      11
       2
       9
       5
      15
      12
       6
       7
       9
      15
       4
       6
      13
       7
      11
      10
       7
       6
       8
       7
       7
       7
      10
      13
      14
      13
      10
      14
      10
      15
       8
       9
      18
      17
      15
      18
      19
      25
      24
      18
      17
      24
      18
      14
      21
      24
      20
      29
      19
      25
      33
      32
      22
      29
      34
      24
      24
      28
      28
      23
      28
      34
      30
      32
      28
      27
      32
      36
      26
      31
      23
      31
      25
      22
      22
      30
      37
      38
      26
      20
      26
      23
      33
      28
      30
      27
      14
      28
      28
      24
      23
      24
      21
      17
      30
      26
      19
      26
      22
      23
      30
      21
      27
      18
      19
      18
      21
      17
      17
      29
      19
      26
      22
      27
      24
      30
      29
      22
      28
      24
      24
      26
      24
      15
      18
      28
      19
      20
      15
      27
      27
      28
      22
      23
      26
      21
      24
      23
      18
      21
      24
      12
      23
      17
      30
      19
      19
      23
      24
      26
      22
      18
      19
      16
      25
      21
      19
      27
      23
      26
      28
      24
      24
      21
      30
      22
      20
      19
      22
      19
      29
      19
      26
      29
      27
      18
      23
      25
      18
      28
      24
      21
      29
      26
      17
      20
      23
      27
      32
      25
      23
      22
      18
      25
      15
      22
      24
      12
      26
      11
      22
      23
      26
      19
      20
      24
      25
      18
      29
      26
      28
      22
      21
      25
      26
      18
      24
      26
      28
      22
      16
      18
      19
      22
      19
      20
      23
      30
      17
      33
      24
      27
      19
      25
      35
      22
      25
      24
      24
      21
      36
      37
      37
      36
      19
      32
      28
      16
      29
      19
      43
      40
      44
      38
      30
      52
      27
      36
      31
      38
      47
      32
      39
      31
      36
      42
      48
      31
      22
      36
      46
      39
      42
      41
      34
      38
      45
      33
      31
      33
      35
      26
      22
      27
      33
      18
      21
      26
      26
      24
      18
      21
      19
      20
      19
      22
      22
      14
      19
      27
      18
      20
      17
      17
      19
      20
      16
      10
      11
      15
      11
      12
      17
       7
      15
      17
       6
       7
      18
      12
      16
       5
       8
       5
      12
      14
      13
       6
      10
      15
      15
       7
       4
      14
      11
       9
       5
       6
      10
      13
       7
       9
      10
      15
       6
      10
      10
       5
       8
       4
       8
       6
      10
      12
       3
       5
       6
       8
      10
       5
       5
       6
       9
       7
       7
       9
       6
       9
       5
       5
       5
      12
      10
       4
       8
      10
       6
       6
       9
       9
       5
       6
       3
       7
       6
       4
       6
       5
       8
       9
       2
       8
      10
       6
       6
       6
       8
       4
       9
       8
       6
       1
      10
       5
       4
       5
       6
       2
       8
       5
       5
       3
       4
       7
       6
       7
       8
       7
       2
       2
       5
       4
       4
       5
       1
       4
       2
       7
       3
       3
       6
       8
       2
       6
       4
       3
       3
       6
       7
      12
       1
       7
       4
       2
       4
       7
      12
       4
       2
       6
       7
       2
       4
       6
       4
       7
       5
       3
       7
       2
       2
       1
       7
       6
       6
       7
      10
       3
       4
      10
       4
       9
       3
       2
       3
       1
       6
       4
       3
       4
       3
       4
       4
       7
       4
       3
       6
       5
       3
       4
       2
       2
       8
       9
       7
       5
       5
       3
       6
       1
       5
       6
       6
       2
       5
       5
       4
       6
       1
       6
       3
       7
       4
       7
       4
       4
       6
       2
       2
       4
       5
       6
      10
       5
       1
       0
       3
       3
       3
       8
       4
       4
       3
       5
       4
       6
       4
       1
       3
       6
       7
       3
       3
       5
       2
       4
       7
       4
       5
       1
       5
       4
       4
       4
       3
       4
       5
       4
       3
       2
       4
       1
       3
       4
       2
       6
       3
       5
       2
       2
       0
       4
       5
       4
       3
       5
       3
       2
       3
       2
       3
       3
       3
       2
       4
       5
       1
       3
       3
       5
       3
       4
       3
       2
       9
       1
       6
       6
       7
       4
       5
       7
       3
       6
       4
       3
       1
       2
       4
       2
       5
       6
       3
       5
       3
       3
       3
       6
       3
       5
       3
       0
       3
       3
       5
       6
       6
       3
       5
       3
       2
       4
       1
       2
       6
       2
       5
       3
       5
       4
       3
       0
       3
       0
       3
       4
       5
       3
       2
       4
       5
       1
       3
       4
       3
       1
       3
       6
       3
       4
       3
       5
       2
       1
       7
       8
       3
       4
       3
       6
       3
       3
       5
       2
       3
       7
       4
       1
       5
       2
       2
       5
       3
       4
       4
       5
       4
       2
       6
       1
       7
       4
       5
       8
       1
       4
       4
       5
       4
       5
       5
       2
       5
       3
       3
       4
       2
       3
       2
       3
       1
       1
       2
       2
       6
       5
       0
       4
       4
       1
       0
       3
       2
       2
       3
       3
       2
       5
       2
       4
       2
       3
       4
       6
       2
       6
       6
       6
       5
       2
       6
       1
       5
       2
       2
       2
       5
       0
       1
       2
       3
       2
       6
       0
       0
       6
       3
       0
       1
       4
       2
       2
       2
       1
       8
       5
       4
       4
       1
       3
       2
       1
       4
       2
       4
       4
       2
       4
       5
       4
       5
       5
       2
       4
       5
       4
       2
       5
       2
       4
       4
       5
       2
      10
       2
       3
       2
       4
       3
       3
       5
       3
       0
       4
       5
       4
       3
       6
       1
       2
       3
       2
       3
       2
       3
       5
       3
       6
       6
       4
       4
       4
       5
       3
       1
       4
       2
       5
       0
       2
       1
       1
       2
       7
       1
       5
       2
       5
       2
       2
       4
       4
       3
       5
       5
       2
       2
       4
       2
       2
       5
       5
       3
       3
       3
       2
       5
       7
       1
       3
       3
       2
       2
       2
       3
       0
       2
       3
       1
       3
       1
       4
       3
       8
       6
       3
       3
       3
       3
       3
       3
       6
       3
       2
       3
       1
       1
       1
       6
       2
       6
       1
       6
       1
       2
       7
       3
       3
       3
       5
       4
       0
       3
       3
       1
       3
       2
       2
       6
       1
       5
       2
       0
       2
       2
       1
       1
       0
       6
       2
       5
       2
       3
       1
       5
       2
       2
       3
       2
       3
       0
       5
       1
       2
       3
       2
       3
       2
       3
       3
       2
       3
       7
       0
       3
       1
       2
       4
       2
       1
       3
       1
       6
       4
       3
       3
       1
       3
       0
       0
       1
       2
       2
       2
       3
       0
       1
       3
       4
       2
       3
       0
       4
       2
       0
       0
       0
       2
       2
       2
       5
       1
       1
       3
       3
       3
       0
       1
       3
       2
       4
       3
       0
       1
       1
       2
       0
       1
       1
       5
       2
       1
       2
       3
       4
       0
       1
       3
       1
       2
       0
       0
       2
       2
       4
       2
       4
       2
       1
       4
       2
       3
       0
       4
       3
       3
       4
       1
       1
       0
       0
       0
       3
       4
       1
       0
       1
       4
       2
       3
       1
       5
       2
       0
       1
       1
       1
       2
       2
       1
       3
       0
       4
       3
       2
       0
       1
       4
       4
       6
       2
       5
       4
       3
       0
       3
       4
       1
       3
       3
       1
       4
       3
       1
       1
       2
       4
       1
       2
       1
       1
       2
       3
       2
       2
       1
       3
       2
       3
       6
       3
       1
       1
       0
       2
       3
       1
       4
       5
       2
       3
       4
       4
       1
       1
       1
       2
       2
       2
       2
       1
       2
       1
       2
       3
       3
       3
       2
       3
       1
       2
       4
       1
       2
       3
       4
       3
       0
       1
       0
       1
       3
       1
       1
       3
       3
       5
       0
       1
       2
       2
       1
       1
       0
       3
       2
       3
       0
       0
       2
       2
       0
       1
       3
       1
       4
       0
       3
       1
       1
       1
       1
       4
       4
       3
       3
       1
       3
       6
       3
       1
       4
       3
       6
       1
       0
       1
       1
       0
       2
       4
       4
       2
       2
       3
       2
       3
       3
       3
       5
       4
       2
       3
       1
       2
       2
       2
       1
       2
       4
       2
       4
       1
       2
       5
       1
       3
       4
       4
       3
       3
       8
       7
       2
       4
       1
       2
       1
       1
       1
       3
       1
       2
       2
       1
       0
       3
       2
       0
       3
       0
       4
       0
       2
       1
       2
       3
       3
       2
       2
       3
       5
       4
       2
       3
       1
       3
       2
       1
       1
       2
       2
       5
       4
       0
       5
       1
       1
       2
       2
       3
       0
       4
       4
       3
       0
       6
       0
       2
       6
       2
       0
       1
       5
       2
       3
       3
       5
       3
       3
       2
       1
       5
       2
       0
       3
       2
       4
       4
       2
       3
       4
       2
       2
       0
       4
       8
       2
       4
       4
       0
       2
       2
       3
       4
       1
       1
       1
       2
       0
       3
       1
       3
       0
       2
       4
       1
       3
       0
       2
       3
       2
       2
       1
       1
       4
       3
       0
       3
       1
       3
       1
       2
       3
       3
       2
       1
       3
       2
       4
       2
       2
       1
       0
       2
       1
       3
       3
       3
       1
       1
       3
       4
       3
       3
       2
       5
       0
       3
       1
       2
       1
       0
       4
       1
       2
       1
       0
       1
       0
       2
       4
       1
       2
       0
       1
       2
       3
       2
       1
       4
       2
       4
       4
       1
       1
       2
       2
       1
       0
       1
       0
       6
       1
       0
       0
       2
       4
       2
       2
       3
       1
       2
       0
       2
       4
       1
       2
       2
       0
       3
       2
       0
       1
       0
       0
       0
       3
       0
       1
       0
       3
       0
       0
       0
       2
       5
       0
       2
       2
       3
       1
       2
       2
       0
       1
       1
       1
       1
       1
       1
       0
       1
       0
       4
       4
       4
       4
       1
       2
       3
       1
       3
       2
       1
       1
       1
       3
       0
       4
       2
       1
       3
       3
       3
       0
       0
       4
       3
       3
       3
       0
       1
       1
       2
       0
       1
       0
       3
       0
       1
       1
       3
       2
       2
       1
       1
       0
       0
       0
       0
       1
       2
       1
       2
       2
       0
       1
       1
       0
       2
       2
       1
       2
       3
       2
       1
       2
       1
       3
       0
       1
       0
       0
       1
       4
       2
       3
       1
       1
       3
       2
       2
       1
       1
       0
       2
       1
       1
       0
       1
       3
       2
       1
       1
       2
       1
       0
       2
       2
       0
       1
       1
       1
       2
       0
       2
       0
       2
       0
       0
       2
       0
       0
       2
       2
       1
       2
       3
       0
       0
       2
       2
       0
       2
       0
       1
       1
       2
       0
       1
       4
       3
       2
       0
       1
       1
       1
       0
       1
       0
       0
       0
       2
       1
       1
       1
       0
       3
       1
       0
       3
       1
       3
       2
       2
       4
       1
       3
       0
       1
       0
       0
       1
       3
       1
       1
       1
       1
       1
       1
       2
       1
       0
       2
       0
       1
       0
       1
       0
       2
       0
       0
       1
       1
       2
       0
       2
       0
       1
       2
       1
       0
       0
       3
       4
       1
       0
       1
       0
       1
       1
       0
       0
       1
       3
       2
       0
       0
       2
       2
       0
       2
       1
       1
       2
       1
       1
       2
       0
       0
       1
       1
       1
       0
       1
       2
       1
       0
       0
       2
       1
       0
       1
       0
       3
       2
       3
       0
       0
       2
       2
       2
       0
       4
       2
       2
       0
       2
       2
       4
       7
       1
       2
       5
       0
       2
       1
       2
       3
       0
       1
       2
       1
       0
       2
       3
       3
       3
       0
       2
       2
       0
       2
       1
       1
       1
       1
       1
       1
       2
       1
       1
       3
       0
       2
       1
       1
       0
       2
       1
       0
       1
       2
       0
       1
       1
       3
       0
       0
       4
       2
       3
       0
       2
       5
       1
       0
       1
       0
       3
       0
       2
       0
       3
       2
       2
       1
       4
       0
       2
       3
       1
       1
       2
       2
       1
       3
       3
       2
       2
       4
       2
       2
       1
       1
       2
       0
       1
       1
       0
       2
       2
       1
       1
       0
       2
       2
       0
       1
       2
       1
       1
       0
       2
       3
       1
       2
       0
       1
       2
       0
       1
       4
       2
       1
       0
       1
       2
       1
       0
       1
       2
       2
       1
       4
       0
       1
       0
       0
       0
       0
       0
       0
       0
       0
       0
       0
       0
       0
       0
       0
       0
       0
       0
       0
       0
       0
       0
       0
       0
       0
       0
       0
       0
       0
       0
       0
       0
       0
       0
       0
       0
       0
       0
       0
       0
       0
       0
       0
       0
       0
       0
       0
       0
       0
       0
       0
       0
       0
       0
       0
       0
       0
       0
       0
       0
       0
       0
       0
       0
       0
       0
       0
       0
       0
       0
       0
       0
       0
       0
       0
       0
       0
       0
       0
       0
       0
       0
       0
       0
       0
       0
       0
       0
       0
       0
       0
       0
       0
       0
       0
       0
       0
       0
       0
       0
       0
       0
       0
       0
       0
       0
       0
       0
       0
       0
       0
       0
       0
       0
       0
       0
       0
       0
       0
       0
       0
       0
       0
       0
       0
       0
       0
       0
       0
       0
       0
       0
       0
       0
       0
       0
       0
       0
       0
$ROI:
1
16 17
$PRESETS:
None
0
0
$ENER_FIT:
-296.746185 1.698334
$MCA_CAL:
3
-2.967462E+002 1.698334E+000 -7.114280E-004 keV
$SHAPE_CAL:
3
0.000000E+000 0.000000E+000 0.000000E+000
