$SPEC_ID:
none
$SPEC_REM:
DET# 1
DETDESC# Donnie Sheehan III - Easy-MCA-2k SN 14163589
AP# Maestro Version 7.01
$DATE_MEA:
03/16/2020 15:28:00
$MEAS_TIM:
464 464
$DATA:
0 2047
       0
       0
       0
       0
       0
       0
       0
       0
       0
       0
       0
       0
       0
       0
       0
       0
       0
       0
       0
       0
       0
       0
       1
       0
       0
       0
       0
       0
       0
       0
       0
       0
       0
       0
       0
       0
       0
       1
      13
      13
      16
      16
      14
      16
      12
      10
       9
      15
      17
      16
      16
      13
      13
      18
      17
      18
      17
      23
      11
      11
      20
      16
      15
      11
      18
      18
      19
      19
      13
      21
      27
      14
      17
      22
      18
      16
      14
      14
      19
      21
      16
      28
      15
      12
      23
      28
      20
      25
      21
      13
      17
      22
      22
      27
      14
      23
      21
      18
      21
      29
      21
      26
      17
      26
      19
      25
      21
      32
      16
      30
      25
      27
      25
      19
      24
      18
      25
      27
      31
      38
      20
      34
      20
      23
      30
      28
      35
      40
      47
      39
      46
      42
      42
      50
      51
      46
      61
      46
      59
      59
      74
      59
      65
      70
      74
      82
      70
      73
      69
      81
      68
      77
      86
      96
      94
      82
      88
      78
      78
      64
      68
      63
      75
      70
      69
      72
      67
      65
      67
      56
      59
      64
      59
      52
      61
      72
      57
      62
      53
      44
      53
      49
      59
      51
      47
      45
      47
      43
      46
      52
      42
      58
      48
      48
      41
      46
      52
      46
      58
      44
      55
      39
      39
      48
      50
      40
      45
      55
      34
      41
      40
      42
      39
      43
      43
      43
      47
      49
      47
      49
      51
      42
      43
      42
      49
      41
      51
      34
      46
      40
      47
      55
      28
      48
      48
      45
      46
      44
      45
      54
      53
      43
      36
      39
      41
      45
      44
      47
      45
      40
      47
      45
      45
      42
      46
      40
      31
      38
      48
      43
      41
      37
      29
      32
      35
      38
      37
      45
      52
      49
      49
      42
      41
      32
      41
      43
      37
      41
      28
      45
      44
      37
      30
      32
      35
      30
      42
      40
      39
      39
      40
      46
      32
      36
      38
      35
      37
      33
      42
      37
      34
      48
      37
      38
      49
      45
      36
      29
      45
      41
      31
      53
      46
      34
      41
      41
      47
      60
      38
      32
      60
      40
      36
      39
      42
      40
      34
      47
      46
      49
      39
      51
      43
      55
      40
      40
      43
      33
      45
      44
      44
      29
      52
      40
      34
      34
      34
      33
      35
      39
      37
      30
      35
      26
      34
      37
      39
      34
      35
      36
      31
      32
      38
      37
      45
      31
      35
      34
      34
      41
      51
      41
      26
      29
      34
      35
      34
      47
      32
      20
      43
      33
      35
      31
      36
      55
      31
      37
      27
      46
      33
      33
      35
      35
      25
      35
      33
      31
      34
      38
      32
      41
      44
      37
      38
      27
      30
      32
      45
      29
      28
      48
      36
      34
      31
      34
      32
      29
      23
      32
      39
      27
      27
      29
      31
      36
      35
      28
      28
      49
      30
      39
      36
      32
      37
      30
      35
      30
      36
      42
      37
      30
      25
      18
      38
      38
      31
      36
      30
      28
      25
      39
      33
      27
      31
      31
      42
      36
      33
      37
      29
      24
      35
      36
      29
      26
      24
      22
      33
      28
      16
      29
      22
      24
      29
      20
      23
      26
      29
      29
      34
      32
      28
      31
      34
      42
      27
      32
      32
      35
      28
      31
      29
      26
      31
      23
      32
      36
      18
      29
      31
      32
      29
      29
      25
      24
      29
      27
      33
      31
      26
      25
      31
      36
      23
      30
      33
      21
      27
      23
      35
      23
      35
      28
      28
      29
      28
      27
      32
      32
      29
      21
      37
      22
      24
      40
      23
      21
      30
      20
      27
      22
      24
      23
      23
      36
      28
      29
      26
      28
      20
      36
      31
      14
      28
      31
      26
      24
      27
      20
      22
      18
      17
      25
      32
      33
      21
      24
      25
      23
      27
      33
      20
      38
      28
      25
      25
      24
      28
      28
      17
      26
      20
      29
      30
      22
      24
      24
      32
      18
      27
      25
      30
      29
      28
      24
      20
      23
      21
      29
      17
      26
      18
      24
      13
      22
      27
      30
      25
      22
      32
      17
      21
      17
      16
      27
      17
      21
      23
      22
      22
      12
      22
      23
      20
      21
      31
      24
      27
      24
      16
      21
      26
      29
      24
      17
      22
      18
      25
      19
      17
      20
      27
      22
      22
      25
      12
      28
      25
      10
      17
      24
      23
      26
      24
      26
      26
      19
      29
      13
      21
      16
      19
      28
      23
      24
      18
      22
      19
      24
      14
      18
      13
      17
      25
      16
      23
      21
      21
      18
      20
      25
      18
      26
      21
      22
      27
      21
      28
      27
      26
      26
      23
      24
      25
      28
      34
      34
      34
      36
      22
      16
      21
      25
      27
      28
      29
      31
      16
      25
      21
      22
      29
      28
      35
      25
      26
      31
      31
      24
      36
      25
      24
      30
      35
      32
      40
      35
      28
      35
      46
      28
      30
      29
      36
      46
      31
      38
      38
      36
      31
      36
      33
      36
      28
      35
      54
      41
      26
      44
      26
      46
      24
      45
      39
      35
      45
      34
      36
      36
      30
      41
      43
      46
      38
      44
      49
      35
      43
      43
      33
      42
      43
      41
      49
      40
      40
      52
      45
      29
      51
      35
      44
      51
      46
      42
      37
      38
      38
      52
      37
      42
      43
      44
      35
      57
      44
      45
      29
      40
      44
      50
      38
      39
      39
      47
      39
      31
      47
      45
      39
      54
      32
      52
      51
      45
      48
      50
      45
      45
      38
      56
      43
      52
      45
      47
      43
      40
      40
      39
      43
      27
      33
      40
      40
      44
      36
      29
      29
      37
      35
      32
      29
      29
      42
      39
      29
      31
      27
      44
      32
      34
      27
      28
      32
      26
      26
      38
      30
      22
      36
      20
      36
      27
      25
      32
      23
      32
      23
      27
      24
      38
      22
      23
      40
      31
      33
      25
      32
      24
      27
      28
      16
      17
      24
      18
      25
      30
      34
      21
      25
      20
      22
      30
      15
      23
      21
      18
      19
      19
       8
      15
      17
      23
      20
      28
      25
      17
      22
      25
      27
      22
      14
      21
      26
      24
      21
      16
      14
      19
      17
      13
      19
      14
      15
      13
      15
      14
      13
       7
      13
      19
      24
      14
      19
      16
      21
      16
      13
      18
      13
       9
      13
      10
      13
      13
      10
      16
      14
       5
      14
      13
      15
      13
      10
      10
      11
       9
      15
      13
      10
      13
      12
       7
       9
      16
      14
      12
      10
       8
       8
       5
       9
      12
      10
       6
      11
       7
       4
       8
       7
       7
      12
       7
       8
      10
      13
       5
       8
       8
      10
      13
      10
       6
       9
       6
      12
       6
       9
       9
       6
       4
       6
       4
       3
      10
       6
       6
       4
       7
       7
       1
       8
       4
       6
      10
       2
       6
       4
       6
       7
       9
       6
       8
       9
       7
       8
       8
      10
       6
       7
       6
       5
      10
       6
       6
       6
       4
       4
       6
      12
       5
       8
       3
       6
       9
       6
       5
       1
       8
       6
       8
       6
       4
       6
       5
       6
       7
       6
       3
       5
       5
       7
       4
       7
       8
       3
       6
       4
       4
       3
       8
       6
       4
       5
      12
       5
       5
       4
       4
       9
       4
       9
       4
       6
       3
       3
       6
       3
       7
       1
       8
       3
       4
       6
       5
       3
       4
       6
       8
       6
       2
       6
       4
       4
       3
       3
       4
       9
       4
       5
       2
       7
       5
       6
       3
       5
       3
       5
       4
       5
       5
       3
       4
       4
       6
       9
      14
       4
       4
       5
       5
       5
       4
       6
       5
       3
       1
       5
       3
       6
       6
       3
       5
       2
       7
       4
       9
       3
      10
       6
       5
       6
       7
       8
       5
       6
       3
       4
       3
       3
       3
       4
       5
       3
      11
       4
       8
       4
       6
       4
       7
       6
       1
       2
       7
      12
       5
       5
       6
       7
       6
       9
       1
       5
       8
       6
       5
       9
       2
       3
       4
       7
       7
       3
       5
       0
       4
       3
       3
       4
       3
       1
       5
       6
       5
       4
       3
      11
       6
       2
       5
       4
       8
       7
       2
       2
       5
       2
       3
       5
       3
       4
       4
       2
       3
       6
       2
      11
       6
       8
       6
       7
       5
       8
       2
       5
       3
       6
       2
       4
       3
       5
       3
       6
       3
       5
       2
       4
       4
       5
       6
       5
       4
       5
       3
       3
       3
       5
       4
       5
       6
       9
       5
       3
       4
       6
       3
       2
       5
       7
       4
       4
       5
       3
       6
       7
       2
       1
       3
       5
       2
       3
       5
       3
       4
       4
       3
       2
       4
       6
       3
       7
       6
       3
       6
       4
       4
       5
       3
       8
       8
       3
       3
       9
       5
       7
       3
       9
       2
       5
       2
       7
       9
       2
       5
       6
       4
       6
       6
       0
       4
       5
       0
       6
       2
       5
       6
       6
       4
       7
       0
       9
       7
       5
       5
       5
       5
       3
       3
       4
       7
       6
       6
       5
       4
       5
       4
       7
       2
       4
       7
       5
       3
       4
       5
       4
       3
       6
       4
       6
       4
       8
       4
       5
       9
       5
       4
       4
       5
       7
       3
       4
       1
       2
       4
       4
       3
       6
       2
       2
       4
       8
       4
       4
       3
       4
       3
       5
       2
       5
       6
       6
       5
       2
      10
       1
       6
       3
       3
       5
       5
       2
       6
       7
       4
       5
       5
       3
       7
       3
       6
       4
       2
       5
       6
       1
       3
       2
       3
       4
       2
       6
       2
       1
       6
       1
       4
       7
       2
       6
       6
       4
       7
       6
       5
       1
       5
       2
       5
       6
       4
       7
       7
       8
       5
       2
       2
       4
       3
       5
       5
       6
       8
       3
       1
       4
       6
       2
       3
       4
       4
       4
       2
       1
       5
       1
       2
       4
       4
       3
       3
       2
       3
       5
       2
       2
       4
       3
       5
       4
       3
       6
       3
       5
       3
       4
       6
       5
       2
       4
       5
       3
       1
       5
       1
       3
       2
       3
       3
       3
       2
       1
       0
       5
       9
       5
       4
       4
       4
       5
       3
       2
       7
       7
       8
       2
       4
       1
       5
       4
       3
       3
       3
       2
       5
       3
       2
       2
       7
       3
       5
       2
       9
       4
       4
       2
       2
       2
       1
       0
       2
       3
       1
       6
       3
       4
       4
       6
       4
       3
       0
       5
       6
       1
       3
       3
       2
       4
       2
       4
       3
       3
       2
       4
       0
       2
       2
       1
       4
       3
       3
       0
       3
       2
       0
       2
       5
       4
       1
       2
       5
       2
       5
       6
       2
       4
       4
       0
       3
       1
       3
       2
       4
       3
       6
       4
       4
       1
       3
       3
       0
       3
       1
       2
       2
       2
       6
       1
       0
       2
       6
       2
       4
       3
       3
       2
       2
       4
       3
       5
       0
       3
       4
       1
       0
       2
       0
       2
       2
       4
       4
       4
       2
       7
       1
       3
       6
       3
       1
       0
       2
       0
       1
       2
       2
       6
       1
       1
       2
       1
       2
       2
       2
       2
       4
       0
       6
       1
       3
       5
       5
       4
       2
       6
       2
       1
       5
       2
       1
       3
       3
       4
       2
       2
       2
       2
       4
       3
       3
       2
       3
       1
       4
       2
       4
       0
       1
       2
       2
       1
       1
       4
       2
       1
       2
       4
       2
       0
       0
       3
       2
       3
       3
       0
       4
       3
       3
       3
       2
       2
       3
       4
       2
       0
       2
       1
       1
       3
       3
       1
       1
       2
       1
       2
       3
       2
       2
       2
       4
       2
       3
       0
       3
       0
       4
       2
       5
       5
       2
       1
       2
       1
       2
       2
       1
       3
       1
       0
       3
       3
       1
       3
       3
       2
       2
       3
       3
       1
       2
       1
       0
       0
       2
       3
       3
       3
       2
       1
       2
       3
       2
       5
       1
       6
       3
       5
       4
       2
       3
       6
       0
       0
       3
       1
       3
       3
       0
       3
       4
       3
       0
       0
       3
       2
       4
       1
       1
       3
       1
       3
       4
       3
       2
       2
       4
       3
       3
       5
       1
       3
       5
       1
       5
       5
       2
       1
       1
       3
       3
       3
       3
       2
       6
       1
       2
       3
       4
       1
       2
       3
       2
       3
       5
       6
       1
       2
       1
       6
       2
       1
       3
       2
       4
       8
       2
       6
       7
       3
       3
       3
       4
       5
       1
       2
       5
       5
       9
       2
       3
       6
       3
       2
       3
       2
       4
       1
       6
       3
       5
       4
       4
       4
       2
       1
       4
       2
       2
       5
       2
       2
       6
       3
       1
       5
       1
       1
       2
       4
       2
       1
       1
       3
       4
       2
       6
       3
       0
       2
       2
       2
       2
       1
       2
       5
       1
       5
       2
       1
       1
       0
       0
       0
       0
       0
       0
       0
       0
       0
       0
       0
       0
       0
       0
       0
       0
       0
       0
       0
       0
       0
       0
       0
       0
       0
       0
       0
       0
       0
       0
       0
       0
       0
       0
       0
       0
       0
       0
       0
       0
       0
       0
       0
       0
       0
       0
       0
       0
       0
       0
       0
       0
       0
       0
       0
       0
       0
       0
       0
       0
       0
       0
       0
       0
       0
       0
       0
       0
       0
       0
       0
       0
       0
       0
       0
       0
       0
       0
       0
       0
       0
       0
       0
       0
       0
       0
       0
       0
       0
       0
       0
       0
       0
       0
       0
       0
       0
       0
       0
       0
       0
       0
       0
       0
       0
       0
       0
       0
       0
       0
       0
       0
       0
       0
       0
       0
       0
       0
       0
       0
       0
       0
       0
       0
       0
       0
       0
       0
       0
       0
       0
       0
       0
       0
       0
       0
       0
       0
$ROI:
1
16 17
$PRESETS:
None
0
0
$ENER_FIT:
-296.746185 1.698334
$MCA_CAL:
3
-2.967462E+002 1.698334E+000 -7.114280E-004 keV
$SHAPE_CAL:
3
0.000000E+000 0.000000E+000 0.000000E+000
