$SPEC_ID:
none
$SPEC_REM:
DET# 1
DETDESC# Donnie Sheehan III - Easy-MCA-2k SN 14163589
AP# Maestro Version 7.01
$DATE_MEA:
03/16/2020 15:43:41
$MEAS_TIM:
269 269
$DATA:
0 2047
       0
       0
       0
       0
       0
       0
       0
       0
       0
       0
       0
       0
       0
       0
       0
       0
       1
       0
       0
       0
       0
       0
       0
       0
       0
       0
       0
       0
       0
       0
       0
       0
       0
       0
       0
       0
       0
       1
       6
       2
       5
       6
       3
       8
       6
       5
       6
       8
       9
       5
       5
       4
      11
       8
       7
       3
       7
       3
      10
       5
       6
      10
       8
       5
       4
       5
       8
       6
       9
      10
       6
       7
       9
       5
       9
      10
       6
       8
       6
       5
       6
      10
       4
       3
       5
       6
       5
       6
       9
       8
       8
      10
       8
      11
      10
      10
       9
      17
       8
       9
       7
      12
       6
       7
      11
      15
       4
      13
       7
      11
      16
      11
       6
       6
       7
      13
       9
      16
      11
      13
      13
      14
      11
      12
       8
      13
      15
      11
      22
      12
      10
      20
      15
      24
      24
      22
      18
      26
      31
      28
      27
      31
      20
      35
      29
      37
      42
      30
      33
      28
      39
      22
      34
      38
      31
      28
      41
      33
      34
      31
      36
      31
      28
      29
      29
      29
      30
      28
      22
      27
      37
      30
      25
      25
      28
      30
      27
      38
      18
      33
      28
      26
      21
      23
      18
      17
      21
      21
      31
      24
      17
      25
      28
      30
      32
      29
      23
      22
      27
      18
      19
      21
      27
      25
      28
      36
      27
      30
      16
      27
      22
      19
      22
      38
      31
       8
      25
      27
      25
      18
      22
      22
      24
      17
      19
      32
      27
      31
      30
      17
      21
      31
      23
      25
      26
      18
      22
      19
      18
      21
      20
      24
      24
      15
      15
      21
      20
      19
      28
      23
      21
      27
      27
      25
      21
      24
      26
      27
      20
      19
      32
      35
      27
      29
      24
      22
      24
      20
      26
      30
      21
      27
      30
      17
      14
      19
      23
      21
      28
      22
      27
      19
      20
      14
      21
      18
      28
      15
      28
      12
      30
      12
      21
      17
      27
      21
      12
      20
      18
      20
      24
      16
      14
      28
      30
      18
      17
      21
      21
      24
      12
      17
      15
      19
      20
      24
      19
      29
      18
      19
      20
      20
      16
      21
      16
      21
      22
      23
      16
      30
      16
      11
      18
      14
      17
      23
      24
      22
      17
      18
      15
      15
      24
      21
      19
      18
      22
      20
      26
      22
      17
      10
      19
      20
      18
      19
      16
      11
      18
      12
      20
      15
      11
      19
      12
      20
      14
      16
      15
      10
      26
      18
      17
      28
      25
      16
      23
      18
      16
      15
      14
      16
      14
      20
      17
      17
      14
       7
      16
      14
      22
       8
       8
      24
      20
      11
      14
      20
      18
      16
      15
      16
      14
      14
      20
      15
      17
      16
       9
      16
      19
      13
      17
      15
      17
      16
      12
      15
      10
      11
      12
      15
      18
      14
      24
      12
      11
       9
      14
      15
      14
      20
      16
      16
      23
      13
      15
      20
      14
      13
      17
       7
      19
      14
      12
      15
      18
      10
      11
      13
      20
      15
      13
      12
      18
      13
      14
      14
      10
      10
      14
       9
      12
      11
      12
       6
      11
      13
      10
      21
      14
       7
      10
       6
      16
      10
      15
       9
      13
      12
      14
      10
       8
      16
       8
      21
      11
      18
      11
      17
      17
      13
      11
      13
      16
       9
       9
      11
      10
      16
      10
       6
      15
       9
      20
      15
      11
      16
       6
      11
      16
      13
      10
      12
      11
       7
      18
      14
      11
      13
      14
       8
      14
      10
       9
       4
      10
      11
       8
      14
      14
      14
      11
      12
      20
      13
      17
      12
      13
       9
      13
      13
      14
      11
       5
      11
      10
       8
       9
       9
      16
      10
      14
      12
      10
      12
      15
      12
      12
      10
      13
      13
      16
      15
       9
      10
      14
      10
      15
      10
      13
      11
      12
      17
      14
      17
      16
      19
      15
      19
      12
      11
      18
      20
      11
      19
      14
      12
      12
      13
      16
      10
      16
       8
      14
      14
      18
      15
      14
      14
      15
      18
      16
      11
      14
      14
      20
      17
      15
      24
      15
      15
      21
      20
      16
      20
      21
      25
      19
      13
      24
      17
      16
      22
      14
      20
      12
      13
      12
      24
      21
      24
      13
      19
      17
      26
      19
      14
      21
      28
      12
      29
      25
      20
      20
      23
      18
      22
      17
      15
      18
      19
      22
      25
      17
      14
      19
      20
      19
      17
      15
      18
      21
      23
      21
      22
      28
      20
      22
      25
      20
      20
      17
      19
      18
      22
      19
      20
      25
      22
      25
      14
      18
      20
      23
      14
      19
      25
      18
      24
      16
      24
      22
      18
      16
      20
      13
      24
      23
      18
      15
      19
      11
      22
       9
      14
      15
      13
      14
      17
      21
       9
       9
      19
      15
      19
      14
      10
      15
      19
      11
       9
      10
      18
      13
      16
      12
      14
      12
       6
      17
       9
       9
       8
       7
      14
      11
      10
       9
       6
       8
      10
       7
      11
      11
      11
       5
      10
      10
       6
       9
      10
       9
       6
       4
       8
       8
       7
      10
       8
       5
       2
       6
       4
       8
       4
       9
       5
       5
       8
       6
       4
       5
       5
       7
       6
       5
       7
       5
      10
       6
       4
       4
       8
       2
       7
       8
       5
       2
       3
       5
       6
       3
       7
       1
       2
       3
       7
       5
       7
       5
       5
       8
       6
       1
       3
       5
       3
       4
       4
       7
       6
       3
       3
       5
       7
       3
       9
       6
       3
       2
       3
       1
       3
       6
       6
       2
       5
       3
       1
       4
       2
       9
       1
       5
       3
       3
       5
       4
       2
       7
       7
       4
       5
       6
       5
       2
       3
       7
       5
       8
       3
       6
       7
       6
       4
       1
       7
       2
       4
       2
       4
       3
       5
       3
       5
       5
       5
       4
       8
       3
       0
       4
       4
       4
       6
       3
       5
       2
       7
       4
       6
       4
       6
       3
       6
       1
       5
       6
       7
       6
       4
       6
       2
       4
       2
       6
       8
       0
       6
       3
       5
       2
       5
       3
       3
       5
       4
       4
       4
       5
       6
       6
       2
       3
       5
       6
       5
       7
       3
       2
       6
       4
       3
       4
       3
       3
       7
       5
       4
       5
       3
       2
       0
       5
       1
       4
       5
       4
       6
       3
       6
       2
       5
       6
       6
       4
       3
       4
       7
       5
       3
       5
       2
       2
       6
       3
       6
       6
       6
       1
       6
       1
       2
       5
       4
       3
       2
       4
       5
       6
       2
       1
       4
       9
       8
       5
       8
       1
       2
       3
       7
       3
       2
       7
       4
       5
       2
       4
       3
       2
       4
       5
       1
       5
       4
       4
       5
       5
       3
       1
       2
       5
       6
       7
       2
       3
       5
       5
       7
       3
       5
       3
       2
       3
       3
       3
       0
       3
       4
       2
       7
       1
       6
       4
       3
       2
       5
       2
       1
       5
       4
       4
       0
       4
       6
       6
       3
       6
       1
       5
       4
       6
       2
       6
       2
       0
       1
       6
       1
       1
       5
       3
       4
       1
       3
       1
       2
       3
       3
       3
       1
       2
       5
       5
       3
       2
       3
       5
       3
       4
       2
       1
       1
       3
       6
       3
       2
       0
       1
       6
       3
       2
       4
       2
       1
       4
       4
       4
       3
       1
       5
       4
       1
       4
       7
       1
       0
       7
       4
       3
       1
       6
       3
       4
       5
       5
       2
       5
       1
       4
       2
       4
       1
       4
       6
       5
       2
       4
       3
       4
       1
       2
       3
       0
       3
       2
       3
       0
       2
       3
       3
       2
       4
       1
       4
       2
       4
       7
       2
       1
       4
       5
       3
       2
       7
       5
       2
       1
       2
       1
       2
       3
       2
       2
       2
       7
       2
       1
       2
       8
       3
       2
       2
       4
       5
       4
       0
       1
       3
       0
       2
       4
       4
       5
       2
       3
       3
       4
       3
       1
       2
       1
       1
       5
       2
       3
       4
       5
       1
       1
       2
       2
       2
       4
       3
       7
       1
       2
       2
       2
       1
       1
       8
       2
       1
       3
       3
       2
       2
       5
       4
       5
       1
       3
       1
       2
       4
       0
       2
       1
       3
       5
       2
       4
       1
       4
       3
       3
       3
       3
       2
       4
       3
       2
       4
       2
       9
       1
       6
       1
       2
       1
       4
       1
       2
       1
       3
       3
       4
       5
       3
       3
       3
       2
       1
       0
       3
       3
       1
       1
       2
       2
       3
       3
       4
       2
       3
       3
       6
       3
       1
       0
       0
       1
       0
       3
       2
       3
       2
       1
       3
       4
       2
       2
       8
       2
       0
       3
       2
       3
       3
       3
       2
       2
       7
       3
       2
       4
       2
       2
       5
       3
       3
       4
       1
       2
       4
       0
       1
       4
       1
       0
       0
       2
       0
       4
       7
       2
       0
       6
       5
       2
       4
       4
       3
       7
       3
       5
       4
       3
       1
       5
       0
       2
       3
       5
       2
       6
       0
       2
       3
       4
       4
       2
       2
       3
       2
       3
       1
       3
       3
       1
       6
       5
       5
       3
       3
       2
       2
       0
       1
       2
       6
       6
       1
       3
       4
       2
       1
       2
       4
       2
       6
       4
       0
       2
       0
       5
       5
       5
       0
       2
       5
       5
       3
       2
       3
       4
       3
       2
       5
       4
       5
       3
       2
       5
       3
       2
       1
       4
       2
       3
       3
       1
       3
       3
       1
       2
       3
       4
       1
       0
       1
       1
       6
       2
       4
       0
       4
       1
       0
       2
       2
       4
       2
       3
       3
       3
       2
       4
       2
       3
       3
       2
       2
       2
       1
       4
       3
       4
       2
       4
       4
       3
       4
       4
       1
       7
       2
       2
       1
       4
       3
       2
       1
       4
       2
       1
       2
       1
       1
       4
       2
       4
       2
       2
       3
       0
       3
       2
       4
       3
       3
       4
       1
       2
       4
       3
       1
       0
       1
       4
       1
       2
       5
       2
       2
       1
       0
       3
       1
       0
       3
       2
       4
       1
       1
       3
       2
       6
       3
       1
       2
       2
       2
       1
       1
       1
       2
       6
       1
       0
       4
       2
       5
       2
       3
       2
       6
       2
       2
       0
       1
       2
       0
       2
       4
       3
       2
       2
       2
       0
       2
       1
       1
       3
       4
       2
       1
       3
       0
       1
       2
       1
       3
       4
       2
       1
       1
       4
       0
       3
       3
       1
       1
       2
       0
       0
       0
       3
       1
       1
       2
       2
       0
       2
       4
       0
       2
       2
       4
       4
       1
       2
       1
       1
       2
       2
       4
       3
       0
       2
       4
       3
       0
       1
       1
       3
       3
       3
       1
       0
       0
       1
       0
       3
       1
       0
       4
       2
       2
       1
       0
       0
       2
       1
       0
       1
       1
       2
       2
       3
       0
       2
       1
       2
       1
       2
       2
       2
       1
       2
       0
       0
       0
       1
       1
       0
       1
       2
       1
       2
       2
       1
       0
       2
       2
       1
       1
       0
       1
       1
       0
       2
       1
       2
       1
       1
       1
       1
       1
       1
       1
       0
       0
       0
       0
       2
       1
       1
       5
       4
       4
       0
       2
       0
       1
       2
       4
       2
       1
       1
       1
       1
       1
       1
       2
       3
       4
       2
       1
       2
       2
       4
       1
       1
       2
       3
       2
       4
       0
       2
       0
       3
       1
       1
       1
       1
       0
       1
       4
       1
       3
       1
       0
       3
       0
       0
       0
       1
       2
       2
       1
       1
       1
       1
       1
       1
       1
       2
       0
       1
       0
       1
       4
       2
       2
       1
       1
       1
       2
       0
       0
       0
       2
       1
       0
       2
       2
       2
       2
       2
       2
       0
       1
       0
       1
       0
       3
       0
       1
       2
       0
       0
       3
       0
       1
       1
       0
       3
       3
       0
       0
       0
       2
       2
       0
       1
       1
       2
       2
       2
       2
       1
       3
       0
       1
       1
       1
       0
       3
       2
       4
       2
       1
       1
       1
       3
       1
       3
       1
       3
       1
       2
       0
       1
       2
       1
       0
       1
       5
       2
       1
       1
       1
       1
       2
       4
       2
       1
       1
       2
       0
       0
       3
       1
       0
       1
       0
       2
       4
       1
       4
       0
       2
       1
       3
       4
       2
       4
       1
       1
       4
       1
       1
       3
       2
       3
       2
       0
       4
       4
       4
       3
       1
       0
       1
       1
       0
       3
       4
       1
       3
       2
       1
       0
       0
       0
       2
       4
       2
       3
       0
       3
       3
       2
       2
       1
       6
       2
       1
       2
       2
       1
       5
       2
       0
       3
       2
       5
       0
       5
       1
       0
       1
       2
       7
       1
       0
       1
       0
       1
       2
       1
       1
       2
       3
       2
       1
       4
       3
       3
       0
       0
       3
       1
       5
       4
       0
       0
       0
       0
       0
       0
       0
       0
       0
       0
       0
       0
       0
       0
       0
       0
       0
       0
       0
       0
       0
       0
       0
       0
       0
       0
       0
       0
       0
       0
       0
       0
       0
       0
       0
       0
       0
       0
       0
       0
       0
       0
       0
       0
       0
       0
       0
       0
       0
       0
       0
       0
       0
       0
       0
       0
       0
       0
       0
       0
       0
       0
       0
       0
       0
       0
       0
       0
       0
       0
       0
       0
       0
       0
       0
       0
       0
       0
       0
       0
       0
       0
       0
       0
       0
       0
       0
       0
       0
       0
       0
       0
       0
       0
       0
       0
       0
       0
       0
       0
       0
       0
       0
       0
       0
       0
       0
       0
       0
       0
       0
       0
       0
       0
       0
       0
       0
       0
       0
       0
       0
       0
       0
       0
       0
       0
       0
       0
       0
       0
       0
       0
       0
       0
       0
       0
       0
       0
       0
$ROI:
1
16 17
$PRESETS:
None
0
0
$ENER_FIT:
-296.746185 1.698334
$MCA_CAL:
3
-2.967462E+002 1.698334E+000 -7.114280E-004 keV
$SHAPE_CAL:
3
0.000000E+000 0.000000E+000 0.000000E+000
