$SPEC_ID:
none
$SPEC_REM:
DET# 1
DETDESC# Donnie Sheehan III - Easy-MCA-2k SN 14163589
AP# Maestro Version 7.01
$DATE_MEA:
03/16/2020 13:42:06
$MEAS_TIM:
306 309
$DATA:
0 2047
       0
       0
       0
       0
       0
       0
       0
       0
       0
       0
       0
       0
       1
       0
       0
       0
       0
       0
       0
       0
       0
       0
       0
       0
       0
       0
       1
       0
       0
       0
       0
       1
       0
       1
       1
       0
       0
       0
     166
     189
     218
     194
     191
     200
     211
     212
     241
     192
     186
     202
     212
     209
     200
     219
     222
     200
     211
     205
     233
     219
     257
     222
     216
     219
     231
     215
     248
     232
     238
     236
     252
     230
     248
     242
     233
     220
     219
     262
     230
     230
     246
     249
     236
     266
     230
     233
     236
     254
     250
     262
     250
     276
     247
     263
     242
     271
     290
     258
     289
     272
     264
     295
     274
     300
     247
     253
     261
     322
     290
     253
     279
     287
     245
     266
     284
     298
     278
     303
     249
     255
     254
     246
     263
     292
     277
     327
     296
     282
     307
     315
     312
     282
     297
     305
     321
     297
     326
     320
     335
     369
     404
     367
     373
     401
     422
     435
     451
     497
     512
     519
     494
     560
     571
     556
     520
     577
     588
     567
     622
     586
     557
     600
     582
     530
     527
     582
     542
     574
     527
     551
     518
     516
     493
     460
     480
     450
     457
     457
     447
     475
     463
     405
     474
     405
     440
     392
     376
     378
     376
     378
     349
     382
     332
     335
     335
     366
     312
     331
     354
     332
     346
     323
     329
     334
     333
     331
     320
     299
     341
     321
     328
     347
     325
     334
     318
     331
     348
     345
     323
     349
     354
     330
     347
     343
     361
     353
     337
     327
     352
     368
     350
     346
     328
     349
     326
     390
     372
     345
     351
     344
     380
     378
     362
     375
     382
     387
     397
     360
     350
     365
     383
     346
     363
     410
     352
     379
     343
     371
     344
     378
     388
     378
     375
     381
     410
     369
     386
     406
     405
     387
     403
     346
     338
     429
     416
     382
     404
     389
     393
     373
     403
     395
     409
     425
     383
     387
     413
     402
     410
     375
     393
     374
     406
     427
     392
     393
     393
     398
     410
     387
     373
     413
     427
     406
     421
     403
     414
     391
     426
     412
     422
     388
     400
     411
     403
     415
     468
     431
     454
     401
     479
     393
     437
     450
     451
     461
     437
     468
     453
     505
     485
     444
     485
     441
     503
     509
     511
     499
     493
     499
     500
     478
     510
     521
     537
     556
     555
     548
     498
     578
     567
     589
     563
     556
     588
     551
     595
     573
     583
     603
     584
     580
     555
     589
     607
     613
     592
     567
     640
     606
     611
     590
     607
     630
     599
     623
     651
     589
     608
     559
     594
     611
     592
     569
     591
     630
     600
     566
     598
     581
     583
     642
     620
     596
     584
     642
     565
     632
     583
     613
     575
     570
     600
     553
     577
     592
     571
     563
     544
     612
     590
     539
     577
     558
     586
     605
     590
     566
     599
     575
     562
     593
     603
     568
     542
     526
     557
     512
     571
     579
     559
     550
     490
     592
     520
     549
     583
     546
     547
     556
     563
     535
     539
     531
     549
     534
     515
     545
     546
     568
     525
     527
     523
     479
     513
     548
     524
     544
     538
     473
     488
     539
     523
     521
     498
     521
     471
     504
     519
     507
     493
     467
     509
     477
     458
     546
     500
     465
     511
     506
     459
     530
     478
     491
     519
     520
     506
     458
     482
     493
     519
     530
     497
     524
     500
     504
     512
     503
     484
     471
     497
     477
     499
     495
     522
     447
     498
     485
     490
     441
     464
     494
     438
     480
     482
     458
     479
     489
     440
     466
     478
     500
     490
     447
     474
     472
     447
     469
     449
     472
     481
     491
     495
     449
     445
     447
     478
     468
     481
     451
     498
     508
     439
     479
     479
     469
     476
     419
     466
     454
     495
     467
     463
     503
     459
     475
     464
     490
     472
     439
     464
     438
     448
     470
     472
     459
     470
     470
     461
     417
     439
     480
     449
     450
     458
     456
     450
     487
     426
     477
     458
     471
     489
     450
     455
     504
     469
     475
     453
     431
     497
     447
     471
     484
     463
     502
     457
     454
     474
     421
     430
     479
     439
     447
     484
     432
     461
     466
     431
     482
     446
     497
     509
     468
     480
     520
     466
     497
     439
     477
     477
     457
     457
     433
     473
     475
     469
     484
     507
     456
     494
     453
     498
     504
     478
     512
     476
     480
     471
     466
     467
     441
     521
     494
     470
     470
     513
     465
     489
     464
     512
     497
     494
     496
     522
     489
     480
     503
     512
     517
     488
     539
     530
     507
     510
     527
     529
     525
     528
     542
     511
     508
     526
     505
     477
     547
     518
     502
     498
     506
     510
     519
     505
     492
     512
     553
     492
     549
     543
     529
     529
     491
     532
     510
     507
     545
     507
     515
     543
     560
     558
     520
     538
     520
     527
     489
     533
     486
     479
     542
     498
     561
     510
     575
     497
     525
     512
     539
     525
     484
     507
     530
     502
     503
     474
     518
     487
     463
     518
     499
     520
     489
     468
     446
     483
     489
     450
     461
     456
     477
     487
     447
     395
     430
     451
     414
     395
     418
     424
     417
     404
     388
     402
     405
     411
     400
     398
     394
     385
     372
     321
     345
     368
     350
     364
     322
     351
     351
     339
     324
     320
     342
     304
     305
     352
     288
     306
     302
     291
     300
     296
     304
     304
     287
     280
     268
     272
     308
     258
     273
     322
     289
     269
     292
     250
     232
     256
     257
     275
     264
     263
     201
     235
     250
     292
     254
     224
     244
     251
     248
     233
     204
     247
     220
     235
     271
     228
     232
     213
     214
     232
     240
     232
     204
     259
     202
     211
     221
     202
     234
     219
     224
     182
     220
     219
     222
     218
     185
     193
     187
     222
     209
     190
     209
     223
     201
     205
     208
     210
     217
     205
     210
     204
     189
     199
     209
     203
     181
     208
     172
     192
     201
     194
     183
     207
     189
     214
     204
     181
     175
     182
     183
     194
     179
     173
     172
     211
     195
     202
     170
     198
     189
     163
     172
     193
     182
     170
     172
     164
     186
     196
     210
     194
     190
     176
     161
     189
     206
     199
     181
     162
     191
     187
     157
     158
     161
     174
     189
     192
     175
     189
     198
     172
     169
     186
     185
     167
     192
     190
     167
     184
     177
     155
     195
     165
     187
     174
     205
     194
     222
     204
     187
     204
     229
     234
     206
     212
     226
     222
     229
     243
     239
     220
     293
     239
     264
     272
     301
     313
     293
     318
     328
     385
     358
     388
     370
     419
     442
     440
     474
     456
     540
     520
     565
     559
     562
     623
     639
     687
     705
     733
     763
     758
     801
     887
     847
     888
     969
    1016
    1056
    1093
    1184
    1168
    1134
    1268
    1241
    1281
    1360
    1387
    1375
    1439
    1587
    1614
    1618
    1613
    1727
    1728
    1770
    1838
    1910
    1931
    1935
    2003
    2000
    2012
    2134
    2147
    2192
    2224
    2223
    2279
    2255
    2334
    2340
    2384
    2408
    2359
    2425
    2482
    2433
    2503
    2569
    2467
    2551
    2555
    2459
    2571
    2524
    2545
    2536
    2474
    2457
    2489
    2576
    2386
    2507
    2424
    2538
    2473
    2452
    2368
    2474
    2335
    2338
    2302
    2290
    2260
    2335
    2206
    2227
    2199
    2176
    2102
    2121
    2124
    2140
    2014
    2034
    1941
    1995
    1916
    1834
    1900
    1840
    1811
    1873
    1820
    1776
    1768
    1696
    1610
    1631
    1651
    1495
    1567
    1496
    1552
    1399
    1429
    1396
    1338
    1334
    1359
    1304
    1284
    1333
    1233
    1207
    1207
    1176
    1069
    1133
    1078
    1053
    1058
    1026
    1016
     990
     958
     899
     926
     887
     858
     891
     875
     815
     813
     807
     726
     761
     739
     726
     762
     679
     709
     713
     663
     654
     602
     597
     554
     598
     560
     547
     555
     523
     525
     502
     480
     518
     479
     415
     442
     442
     408
     408
     409
     386
     344
     360
     339
     302
     357
     316
     321
     291
     299
     274
     275
     281
     270
     281
     222
     228
     222
     225
     240
     211
     196
     173
     207
     197
     179
     160
     154
     138
     156
     147
     152
     109
     144
     119
     113
     125
     105
      98
      69
     104
     100
      95
      99
      72
      67
      81
      62
      68
      55
      60
      61
      56
      47
      50
      50
      46
      46
      47
      38
      37
      43
      32
      38
      37
      27
      31
      29
      22
      26
      23
      30
      21
      20
      26
      15
      21
      26
      18
      19
      17
      17
      20
      18
      14
      15
      14
       8
      11
      15
      17
      11
      19
      10
       8
      14
       8
      13
       7
      14
      10
       7
       8
       5
       6
       9
       7
       9
       7
       8
      11
      12
       8
       4
       5
       4
       3
       6
      10
       4
       5
       7
       6
       5
       3
       6
       4
      10
       6
       5
       6
       4
       5
       4
       6
       1
       4
       6
       8
       4
       5
       1
      11
       7
      13
       5
       8
       5
       9
       4
      12
       6
       9
       4
       1
       4
       4
       5
       5
       3
       5
       8
       7
       7
       5
       2
       3
       4
       7
       5
       2
       4
       5
       9
       5
       1
       6
       2
       2
       5
       5
       5
       6
       5
       5
       4
       0
       5
       3
       6
       5
       8
       3
       4
       2
       3
       3
       9
       4
       3
       4
       4
       3
       3
       6
       6
       5
       9
       1
       5
       3
       6
       9
       2
       7
       6
       2
       1
       3
       4
       4
       5
       8
       3
       2
       3
       2
       7
       6
       2
       6
       4
       4
      11
       5
       5
       3
       6
       0
       3
       2
       4
       7
       3
       1
       4
       6
       5
       4
       7
       3
       6
       2
       1
       2
       3
       4
       4
       3
       9
       6
       5
       7
       5
       1
       4
       0
       4
       6
       4
       4
       2
       3
       5
       4
       4
       5
       1
       4
       3
      11
       6
       2
       2
       4
       5
       2
       1
       6
       2
       4
       3
       7
       4
       3
       1
       0
       3
       3
       4
       7
       6
       2
       3
       1
       5
       1
       3
       2
       4
       2
       5
       2
       3
       4
       1
       4
       3
       5
       2
       5
       6
       4
       9
       6
       5
       2
       4
       1
       1
       6
       1
       4
       2
       0
       4
       1
       6
       3
       1
       3
       0
       7
       2
       1
       5
       3
       2
       6
       5
       4
       6
       7
       3
       5
       4
       4
       2
       4
       1
       2
       1
       4
       8
       3
       4
       5
       5
       1
       4
       3
       8
       1
       4
       3
       4
       2
       2
       3
       3
       5
       3
       3
       3
       2
       4
       2
       3
       7
       1
       1
       3
       3
       1
       8
       6
       3
       5
       2
       1
       1
       3
       3
       2
       3
       2
       3
       3
       0
       4
       5
       4
       3
       5
       3
       3
       6
       2
       3
       1
       5
       3
       3
       1
       6
       6
       5
       2
       2
       6
       3
       2
       4
       3
       4
       2
       6
       3
       1
       2
       3
       3
       2
       1
       3
       3
       3
       2
       4
       4
       3
       1
       1
       3
       4
       0
       5
       5
       3
       2
       3
       0
       3
       3
       4
       5
       4
       3
       3
       3
       6
       2
       2
       1
       4
       3
       4
       2
       1
       3
       3
       1
       2
       1
       0
       3
       5
       3
       3
       1
       2
       4
       3
       1
       2
       2
       2
       1
       1
       2
       1
       2
       3
       3
       1
       2
       2
       3
       1
       3
       2
       5
       4
       2
       5
       2
       5
       3
       0
       1
       2
       3
       3
       5
       0
       0
       2
       1
       1
       4
       6
       3
       3
       4
       3
       3
       3
       3
       6
       5
       0
       2
       1
       2
       1
       1
       3
       3
       1
       1
       2
       6
       4
       4
       2
       1
       2
       0
       0
       3
       3
       6
       1
       2
       3
       1
       4
       4
       2
       8
       0
       3
       2
       3
       2
       3
       2
       2
       3
       1
       4
       1
       0
       0
       4
       1
       0
       1
       5
       3
       1
       4
       0
       4
       5
       1
       2
       3
       2
       2
       4
       3
       1
       3
       4
       3
       3
       2
       3
       3
       4
       1
       4
       5
       1
       3
       5
       1
       4
       0
       2
       1
       0
       2
       2
       1
       3
       1
       4
       1
       1
       2
       3
       1
       0
       4
       5
       2
       3
       1
       2
       2
       4
       0
       0
       1
       1
       3
       0
       3
       2
       2
       2
       2
       3
       3
       5
       1
       2
       2
       0
       1
       0
       1
       3
       3
       1
       3
       5
       2
       2
       1
       1
       1
       2
       1
       1
       2
       3
       1
       1
       4
       3
       0
       0
       3
       5
       0
       1
       6
       1
       3
       0
       0
       5
       2
       5
       2
       3
       1
       2
       0
       2
       1
       2
       0
       1
       2
       1
       1
       0
       0
       0
       6
       3
       3
       3
       4
       3
       1
       4
       1
       1
       2
       4
       4
       1
       4
       2
       4
       2
       2
       5
       3
       2
       3
       6
       0
       2
       3
       2
       2
       4
       2
       0
       1
       2
       1
       4
       3
       1
       2
       4
       1
       4
       1
       3
       1
       4
       2
       1
       4
       3
       1
       1
       1
       5
       1
       4
       5
       5
       2
       1
       1
       0
       0
       0
       0
       0
       0
       0
       1
       0
       0
       0
       0
       0
       0
       0
       0
       0
       0
       0
       0
       0
       0
       0
       0
       0
       0
       0
       0
       0
       0
       0
       0
       0
       0
       0
       0
       0
       0
       0
       0
       0
       0
       0
       0
       0
       0
       0
       0
       0
       0
       0
       0
       0
       0
       0
       0
       0
       0
       0
       0
       0
       0
       0
       0
       0
       0
       0
       0
       0
       0
       0
       0
       0
       0
       0
       0
       0
       0
       0
       0
       0
       0
       0
       0
       0
       0
       0
       0
       0
       0
       0
       0
       0
       0
       0
       0
       0
       0
       0
       0
       0
       0
       0
       0
       0
       0
       0
       0
       0
       0
       0
       0
       0
       0
       0
       0
       0
       0
       0
       0
       0
       0
       0
       0
       0
       0
       0
       0
       0
       0
       0
       0
       0
       0
       0
       0
       0
$ROI:
1
16 17
$PRESETS:
Live Time
600
0
$ENER_FIT:
-296.746185 1.698334
$MCA_CAL:
3
-2.967462E+002 1.698334E+000 -7.114280E-004 keV
$SHAPE_CAL:
3
0.000000E+000 0.000000E+000 0.000000E+000
