$SPEC_ID:
none
$SPEC_REM:
DET# 1
DETDESC# Donnie Sheehan III - Easy-MCA-2k SN 14163589
AP# Maestro Version 7.01
$DATE_MEA:
03/16/2020 16:00:44
$MEAS_TIM:
407 407
$DATA:
0 2047
       0
       0
       0
       0
       0
       0
       0
       0
       0
       0
       0
       1
       0
       0
       0
       0
       0
       0
       0
       0
       0
       0
       0
       0
       0
       0
       0
       0
       0
       1
       0
       0
       0
       0
       0
       0
       0
       0
       3
      11
      10
       7
       6
       7
       5
       5
       4
       9
       6
       5
      13
       6
       3
       8
       9
       9
      10
      11
       9
      13
       9
      16
       7
      10
       9
       9
      12
      10
       4
       8
      15
       9
      12
       9
      12
      11
      13
      15
      11
      15
      10
      10
      11
       5
      11
      13
       8
      17
       5
      13
      15
      15
      10
      13
      12
      11
       6
      13
      10
      13
      16
      11
       9
      14
      20
      15
      19
      14
      23
      11
      16
      12
      18
      21
      18
      18
      18
      17
      22
      13
      30
      22
      26
      26
      16
      21
      20
      30
      28
      20
      19
      19
      41
      26
      34
      46
      28
      38
      38
      28
      36
      54
      46
      55
      62
      39
      52
      40
      50
      45
      59
      52
      50
      65
      62
      51
      47
      38
      45
      46
      45
      56
      40
      44
      40
      43
      42
      58
      48
      47
      54
      53
      60
      44
      41
      45
      40
      42
      40
      42
      49
      40
      53
      48
      43
      38
      22
      44
      37
      37
      41
      37
      25
      43
      24
      42
      42
      43
      35
      33
      46
      44
      34
      31
      35
      38
      25
      26
      48
      24
      34
      36
      37
      40
      27
      31
      38
      40
      38
      33
      38
      35
      39
      34
      33
      38
      33
      27
      38
      29
      26
      29
      43
      41
      38
      45
      43
      42
      47
      48
      43
      38
      51
      36
      44
      48
      40
      43
      41
      32
      32
      50
      38
      50
      39
      38
      32
      34
      29
      41
      31
      25
      31
      42
      34
      31
      31
      34
      39
      46
      36
      36
      39
      34
      35
      46
      36
      37
      39
      33
      32
      43
      32
      28
      35
      25
      33
      32
      28
      30
      19
      31
      35
      28
      23
      37
      27
      28
      32
      22
      38
      26
      25
      30
      34
      25
      23
      25
      29
      27
      36
      38
      28
      24
      30
      23
      29
      36
      37
      31
      20
      29
      22
      42
      35
      29
      26
      26
      23
      28
      27
      32
      29
      34
      21
      30
      19
      23
      25
      28
      27
      35
      24
      24
      34
      29
      31
      24
      32
      25
      23
      23
      23
      31
      34
      24
      33
      25
      22
      23
      33
      16
      27
      31
      18
      28
      23
      22
      21
      28
      22
      22
      27
      22
      26
      26
      29
      29
      26
      25
      23
      26
      25
      29
      38
      23
      33
      19
      32
      38
      23
      29
      36
      35
      20
      30
      34
      26
      33
      24
      46
      30
      30
      35
      36
      36
      32
      30
      30
      34
      37
      31
      44
      37
      46
      51
      44
      46
      32
      43
      31
      41
      42
      37
      53
      27
      50
      50
      43
      50
      47
      48
      47
      42
      35
      52
      53
      43
      46
      49
      49
      60
      38
      48
      40
      55
      39
      49
      35
      31
      29
      41
      38
      41
      47
      38
      31
      46
      31
      39
      27
      39
      35
      26
      33
      31
      30
      41
      39
      36
      37
      20
      23
      32
      32
      33
      40
      19
      27
      17
      22
      19
      23
      27
      21
      29
      24
      10
      20
      23
      28
      25
      20
      15
      16
      13
      14
      21
      20
      16
      27
       7
      24
      12
      11
      17
      14
      15
      21
      17
      14
      17
      18
      15
      13
      20
      14
      12
      18
      14
       9
      13
      12
      12
      14
      13
       9
      17
      19
      11
       9
      14
      13
      13
       7
      14
      10
       8
      12
      12
      20
      11
      18
      12
      16
      13
      10
       9
      13
      15
      12
      15
      12
      11
       8
       7
      15
      18
      14
      10
      12
       4
      12
      14
      11
       9
      14
      11
      10
       7
       6
      13
       7
       9
       7
      11
       8
      13
      11
       8
       7
      11
       8
       9
       5
       8
      11
       7
       5
       6
       7
       5
      10
      13
       9
       9
       8
       4
      12
       5
       8
       7
       7
       6
       5
      10
       8
       6
       5
       8
       4
       9
       9
      10
       6
       9
       5
       4
       8
       5
       9
       2
       6
      10
       9
       6
       4
       9
       5
       3
       7
       9
       7
      13
       6
       7
       7
       4
       6
       5
       5
       9
      11
       6
       7
       7
       8
       4
       9
       8
       4
       8
       8
       9
       6
       3
       9
       8
       5
       7
       8
      11
       7
       3
       6
       5
       7
       5
       7
       4
       7
       3
      14
       5
       2
       5
       4
       8
       3
       9
       8
       5
       5
      13
       6
       7
       4
       9
       5
       6
       5
       8
       6
       7
       5
       9
       8
       4
       6
      10
       7
       5
       6
       5
       7
       4
       5
       7
       1
       9
      11
       6
       6
       3
       6
      13
       5
       9
       5
       6
       9
      10
      12
       6
       5
       4
       2
       7
       7
       5
       6
       6
      14
      12
       9
       8
       5
       7
       7
      10
       4
       1
       5
       8
      10
       6
       5
       5
       7
       4
       6
       4
       6
      10
       3
       9
       8
       8
       3
       2
       9
       4
       4
       9
       9
       7
       2
       4
       8
       6
       6
       9
       5
       7
       5
      10
      10
       5
       6
       9
       5
       5
       7
       4
       5
       2
       3
       5
       8
       7
       4
       6
       6
      10
       7
       8
       7
      10
       6
       6
      11
       9
       8
       8
       7
      10
       6
       3
       7
       4
       7
      10
       8
       7
       7
      10
       3
       8
       7
      13
       3
       4
       6
       8
       5
       2
      10
       6
       7
       7
       6
      12
       8
       9
       9
       7
      11
       4
       7
      11
       7
       5
       5
       8
       5
       9
       7
       3
       7
      14
       5
       6
       5
       7
       8
       5
       9
      10
      11
      12
       3
       5
       2
       5
       8
       5
       5
      10
       7
       3
       8
       6
       7
       4
       8
       8
       6
       4
       7
      12
       8
       7
       5
       5
       5
       4
       4
       5
       4
      12
       3
       7
       4
       5
      10
       1
       2
       7
      13
       5
       3
       6
       7
       5
       7
       6
       4
       5
       5
      10
       4
       7
       2
       6
       5
      11
      12
       6
       8
       8
      11
       3
       9
       6
       5
       5
       2
       7
       7
       3
       7
       5
       5
       7
       7
       7
       7
       5
       3
       5
       2
       9
       6
       9
       8
       5
       5
       2
       7
       6
       8
       8
       3
       3
       9
      10
       6
       8
       9
       5
       5
       6
       6
       3
       7
       7
       9
       5
       7
       7
      10
       7
       6
       1
       4
       6
      11
       5
       6
       8
       6
       8
       3
       2
       5
       5
       3
       7
       4
       8
       9
       3
       6
       4
       5
       4
       6
      12
       5
       4
       4
       3
       3
       5
       3
      11
       8
       4
       4
       5
       3
       6
       7
       5
       3
      11
       2
       5
       3
       4
       6
       7
       3
       7
       6
       1
       6
       5
       6
       3
       1
      10
       7
       6
       8
       5
       4
       2
       4
       6
       5
       7
       6
       8
       7
       7
       4
       1
       2
       2
       0
       1
       3
       6
       5
       5
       2
       3
       4
       3
       3
       2
       4
       4
       4
       1
       6
       6
       3
       5
       3
      11
       4
       3
       1
       3
       3
       6
       6
       3
       6
       2
       5
       4
       1
       6
       2
       3
       4
       6
       4
       6
       1
       5
       4
       6
       8
       6
       4
       4
       2
       1
       8
       3
       2
       3
       4
       5
       4
       5
       2
       6
       2
       3
       8
       2
       2
       2
       2
       1
       4
       4
       0
       2
       7
       2
       5
       2
       4
       8
       7
       6
       3
       4
       4
       4
       5
       4
       8
       5
       6
       2
       1
       6
       4
       6
       7
       7
       3
       7
       3
       2
       3
       0
       4
       1
       4
       3
       2
       7
       4
       4
       3
       3
       3
       2
       5
       6
       5
       3
       4
       5
       3
       4
       6
       5
       3
       2
       6
       5
       3
       8
       8
       5
       2
       3
       6
       6
       2
       2
       5
       5
       4
       0
       3
       6
       3
       1
       5
       6
       2
       2
       6
       6
       2
       2
       3
       6
       0
       5
       7
       4
       1
       3
       3
       5
       4
       7
       9
       2
       3
       0
       7
       4
       7
       3
       3
       5
       3
       4
       2
       2
       1
       4
       5
       7
       2
       5
       5
       5
       2
       2
       3
       3
       7
       4
       7
       5
       9
       3
       1
       4
       2
       3
       2
       3
       2
       2
       7
       4
       8
       9
       6
       4
       8
       8
       1
       4
       5
       4
       4
       4
       3
       5
       4
       6
       1
       6
       7
       2
       3
       2
       6
       7
       3
       2
       6
       1
       6
       8
       4
       5
       6
       4
       2
       5
       6
       8
       4
       4
       8
       4
       2
       4
       5
      11
       5
       7
       6
       4
       3
       8
       1
      10
       4
       4
       8
       3
       2
       3
       4
       7
       5
       6
       7
       3
       2
       4
       6
       4
       1
       6
       3
       7
       4
       4
       7
       3
       5
       3
       6
       2
       7
       5
       1
       5
       4
      11
       5
       7
       4
       3
       2
       4
       5
       2
       8
       6
       7
       3
       1
       6
       6
       3
       4
       4
       5
       7
       5
       3
       5
       3
       6
       1
       6
       2
       8
       4
       4
       4
       4
       4
       5
       7
       4
       2
       1
       3
       1
       9
       8
       3
       3
       1
       7
       6
       7
       4
       2
       3
       5
       3
       5
       6
       4
       1
       2
       4
       5
       7
       2
       2
       4
       5
       7
       2
       4
       5
       5
       3
       3
       2
       7
       2
      11
       5
       0
       3
       3
       4
       2
       4
       2
       1
       3
       3
       4
       4
       3
       3
       4
       6
       3
       2
       1
       5
       3
       4
       6
       3
       1
       1
       2
       3
       2
       2
       0
       5
       2
       4
       3
       6
       3
       1
       4
       4
       2
       2
       4
       2
       2
       4
       2
       1
       6
       0
       3
       4
       6
       2
       1
       3
       2
       6
       4
       5
       4
       5
       2
       3
       3
       5
       5
       5
       2
       5
       2
       2
       3
       4
       3
       2
       4
       5
       4
       3
       8
       4
       4
       1
       4
       3
       3
       4
       3
       0
       1
       0
       0
       2
       3
       5
       2
       1
       4
       1
       6
       2
       5
       3
       2
       7
       3
       0
       2
       2
       1
       3
       4
       2
       3
       4
       1
       6
       3
       2
       3
       1
       1
       7
       4
       3
       0
       2
       2
       1
       3
       2
       2
       2
       3
       0
       5
       2
       4
       5
       5
       3
       4
       1
       4
       3
       1
       1
       2
       2
       2
       0
       0
       3
       4
       3
       4
       1
       3
       0
       1
       5
       4
       0
       2
       2
       3
       3
       2
       2
       6
       1
       4
       3
       0
       2
       3
       3
       2
       1
       4
       6
       4
       2
       0
       0
       3
       2
       5
       3
       1
       1
       2
       5
       3
       2
       1
       3
       1
       3
       2
       2
       2
       3
       2
       1
       2
       1
       1
       0
       2
       5
       3
       3
       3
       2
       1
       1
       0
       6
       2
       3
       4
       2
       1
       5
       1
       2
       3
       3
       4
       1
       4
       2
       1
       0
       4
       3
       3
       1
       3
       3
       1
       2
       1
       0
       2
       3
       3
       3
       1
       1
       3
       1
       6
       2
       1
       2
       7
       1
       1
       5
       5
       0
       3
       2
       4
       2
       2
       2
       1
       2
       2
       2
       1
       0
       2
       3
       0
       1
       0
       2
       0
       1
       0
       3
       1
       3
       0
       4
       3
       2
       3
       0
       1
       1
       2
       2
       4
       4
       1
       1
       0
       2
       1
       1
       2
       1
       0
       2
       2
       4
       0
       1
       1
       1
       3
       3
       2
       2
       1
       1
       0
       4
       1
       3
       2
       1
       0
       6
       2
       5
       0
       0
       2
       4
       5
       1
       2
       1
       2
       1
       4
       6
       2
       2
       4
       0
       5
       4
       3
       2
       2
       3
       6
       3
       1
       3
       2
       3
       1
       2
       5
       1
       5
       3
       1
       1
       3
       3
       4
       4
       5
       6
       0
       2
       2
       1
       3
       2
       2
       1
       3
       4
       1
       3
       3
       3
       4
       5
       2
       5
       6
       2
       5
       4
       2
       2
       3
       6
       4
       1
       0
       3
       3
       2
       0
       6
       3
       1
       2
       6
       3
       5
       5
       5
       7
       1
       2
       6
       2
       3
       2
       2
       3
       0
       4
       3
       2
       3
       4
       5
       2
       2
       1
       2
       2
       3
       4
       1
       3
       3
       3
       1
       3
       3
       1
       3
       1
       3
       1
       3
       3
       1
       3
       2
       3
       3
       3
       3
       1
       5
       1
       4
       0
       4
       2
       1
       5
       3
       1
       1
       4
       1
       0
       4
       4
       3
       4
       3
       1
       1
       0
       1
       0
       0
       0
       0
       0
       0
       0
       0
       0
       0
       0
       0
       0
       0
       0
       0
       0
       0
       0
       0
       0
       0
       0
       0
       0
       0
       0
       0
       0
       0
       0
       0
       0
       0
       0
       0
       0
       0
       0
       0
       0
       0
       0
       0
       0
       0
       0
       0
       0
       0
       0
       0
       0
       0
       0
       0
       0
       0
       0
       0
       0
       0
       0
       0
       0
       0
       0
       0
       0
       0
       0
       0
       0
       0
       0
       0
       0
       0
       0
       0
       0
       0
       0
       0
       0
       0
       0
       0
       0
       0
       0
       0
       0
       0
       0
       0
       0
       0
       0
       0
       0
       0
       0
       0
       0
       0
       0
       0
       0
       0
       0
       0
       0
       0
       0
       0
       0
       0
       0
       0
       0
       0
       0
       0
       0
       0
       0
       0
       0
       0
       0
       0
       0
       0
       0
       0
       0
       0
$ROI:
1
16 17
$PRESETS:
None
0
0
$ENER_FIT:
-296.746185 1.698334
$MCA_CAL:
3
-2.967462E+002 1.698334E+000 -7.114280E-004 keV
$SHAPE_CAL:
3
0.000000E+000 0.000000E+000 0.000000E+000
