$SPEC_ID:
none
$SPEC_REM:
DET# 1
DETDESC# Donnie Sheehan III - Easy-MCA-2k SN 14163589
AP# Maestro Version 7.01
$DATE_MEA:
03/16/2020 13:57:26
$MEAS_TIM:
914 914
$DATA:
0 2047
       0
       0
       0
       0
       0
       0
       0
       1
       0
       0
       0
       0
       0
       0
       0
       0
       0
       0
       0
       0
       1
       0
       0
       0
       0
       0
       0
       0
       0
       0
       0
       0
       0
       1
       0
       0
       0
       0
      11
       9
      11
      17
      14
      13
      12
      13
      11
      13
      15
       8
      14
      19
      19
      17
      20
      15
      16
      12
      18
      13
      16
      13
      17
      18
      24
      20
      17
      16
      16
      17
      17
      17
      22
      13
       9
      14
      13
      20
      17
      14
      25
      17
      19
      12
      20
      16
      21
      19
      16
      27
      23
      21
      22
      21
      15
      20
      25
      13
      17
      26
      17
      15
      14
      13
      30
      18
      26
      30
      24
      25
      18
      23
      33
      30
      19
      21
      21
      27
      24
      33
      26
      38
      25
      31
      32
      35
      30
      33
      44
      26
      40
      45
      49
      40
      40
      42
      52
      54
      64
      59
      60
      71
      67
      75
      69
      61
      68
      84
      66
      65
      61
      68
      71
      70
      89
      67
      73
      73
      64
      54
      67
      55
      56
      49
      62
      63
      73
      78
      69
      78
      69
      57
      64
      57
      50
      45
      64
      57
      46
      63
      51
      35
      54
      59
      49
      60
      53
      42
      48
      53
      62
      48
      49
      59
      51
      54
      51
      49
      46
      48
      48
      42
      48
      47
      41
      51
      42
      49
      45
      42
      44
      43
      33
      37
      48
      40
      48
      44
      46
      43
      45
      52
      37
      50
      50
      42
      53
      54
      53
      36
      54
      54
      55
      49
      40
      44
      41
      50
      59
      57
      47
      51
      63
      51
      42
      44
      48
      49
      46
      46
      49
      51
      38
      39
      40
      47
      56
      44
      40
      40
      44
      52
      54
      43
      44
      36
      43
      31
      47
      37
      52
      58
      38
      47
      52
      43
      50
      50
      37
      40
      32
      43
      42
      35
      36
      36
      38
      36
      45
      31
      33
      38
      36
      27
      40
      34
      26
      44
      33
      38
      41
      39
      35
      30
      41
      35
      27
      34
      37
      35
      35
      37
      51
      39
      36
      31
      28
      42
      45
      33
      28
      35
      33
      31
      37
      37
      36
      42
      37
      30
      30
      35
      29
      36
      33
      31
      24
      35
      36
      34
      36
      35
      40
      36
      34
      34
      28
      35
      33
      34
      24
      34
      25
      23
      32
      28
      27
      39
      39
      26
      38
      35
      36
      24
      26
      33
      31
      38
      28
      23
      31
      25
      38
      38
      28
      35
      39
      35
      34
      28
      32
      45
      30
      32
      34
      24
      37
      37
      32
      26
      27
      36
      33
      32
      31
      48
      28
      33
      32
      31
      31
      29
      31
      27
      22
      28
      31
      30
      25
      30
      23
      35
      32
      29
      29
      28
      33
      21
      20
      23
      30
      29
      38
      28
      28
      35
      32
      21
      20
      19
      32
      29
      26
      32
      24
      30
      19
      34
      18
      27
      26
      21
      31
      21
      33
      24
      28
      27
      29
      38
      23
      28
      20
      24
      32
      25
      28
      20
      28
      27
      18
      25
      20
      25
      14
      22
      28
      34
      23
      28
      18
      31
      34
      29
      29
      25
      22
      31
      27
      18
      20
      23
      35
      16
      27
      24
      25
      14
      21
      21
      30
      22
      17
      32
      34
      25
      24
      24
      29
      16
      25
      24
      20
      24
      21
      40
      29
      27
      19
      27
      23
      25
      21
      24
      21
      20
      29
      21
      22
      24
      23
      25
      26
      27
      28
      23
      26
      20
      20
      20
      21
      18
      18
      23
      27
      19
      21
      22
      24
      24
      25
      23
      27
      21
      26
      24
      28
      24
      31
      28
      23
      24
      24
      29
      29
      23
      19
      19
      30
      24
      23
      26
      21
      18
      31
      31
      30
      33
      16
      18
      24
      29
      27
      24
      25
      17
      16
      19
      22
      14
      23
      18
      12
      22
      26
      19
      24
      21
      24
      24
      16
      23
      28
      18
      19
      27
      23
      20
      18
      18
      25
      34
      15
      22
      11
      15
      24
      21
      26
      16
      17
      20
      19
      21
      20
      20
      17
      17
      12
      24
      17
      19
      12
      26
      27
      15
      24
      17
      16
      18
      21
      14
      21
      19
      23
      21
      19
      15
      20
      24
      17
      32
      18
      17
      20
      23
      14
      15
      15
      19
      10
      29
      21
      17
      20
      20
      24
      18
      20
      25
      18
      20
      15
      15
      16
      17
      19
      14
      14
      12
      16
      21
      12
      14
      17
      16
      12
      27
      15
      24
      17
      26
      23
      18
      11
      11
      16
      10
      16
      17
      19
      17
      19
      22
      14
      16
      13
      23
      15
      15
      20
      12
      22
      21
      16
      21
      17
      14
      23
      16
      11
      17
      15
      16
      17
      16
      19
      16
      18
      16
      10
      13
      20
      21
      15
      16
      11
      13
      15
      13
      25
      16
      13
      10
       9
      13
      21
      15
      10
      18
      13
      17
       9
      19
      14
      19
      26
      16
      26
       7
      18
      16
      11
      11
      14
      19
      10
      14
      14
      17
      21
      14
      13
      18
      18
      15
      13
      22
      11
       4
      17
      15
       8
      10
      15
      17
      15
      13
      14
      21
      22
      16
      16
      10
      19
      23
      17
      18
      12
      12
      16
      19
      19
      18
      12
      16
      18
      16
      13
      17
      15
      16
      16
      19
      17
      11
      16
      19
      19
      19
      21
      15
      13
      15
      16
       8
      14
      20
      13
      13
      14
      21
      13
      15
      20
      18
      22
      13
      17
      17
      18
      23
      19
      13
      12
      27
      21
      17
      23
      19
      19
      24
      15
      20
      18
      22
      15
      12
      13
      23
      20
      20
      15
      15
      13
      18
      13
      17
      16
      19
      16
      23
      22
      19
      18
      19
      19
      21
      22
      21
      14
      17
      20
      25
      23
      16
      26
      22
      19
      15
      12
      19
      17
      16
      25
      25
      26
      21
      27
      26
      26
      24
      23
      22
      27
      22
      21
      24
      21
      20
      23
      28
      25
      22
      19
      19
      24
      17
      31
      25
      20
      18
      21
      31
      32
      20
      24
      22
      29
      23
      13
      34
      15
      25
      21
      29
      24
      22
      29
      18
      28
      20
      26
      30
      22
      24
      29
      31
      25
      24
      22
      19
      22
      24
      17
      29
      27
      28
      27
      26
      34
      19
      26
      28
      29
      29
      21
      32
      25
      31
      27
      18
      23
      36
      32
      25
      36
      24
      20
      29
      24
      25
      24
      28
      22
      31
      23
      32
      31
      21
      25
      12
      33
      24
      22
      20
      23
      25
      28
      20
      29
      15
      36
      24
      17
      31
      18
      23
      26
      28
      18
      19
      15
      19
      19
      19
      21
      17
      17
      18
      22
      25
      22
      20
      16
      14
      10
      17
      23
      21
      20
      24
      21
      16
      15
      17
      16
      11
      13
      16
      11
      15
      13
      15
      13
      18
       9
      15
      17
      17
      12
      10
      11
       9
      14
       7
      11
      13
      11
      14
      12
      16
       9
      15
      10
      15
      17
       5
      10
      13
      14
      13
       8
       9
       7
      15
      10
       9
       9
      15
      16
      12
       5
       9
      12
       8
       8
       8
      11
      15
       7
       8
      11
      13
       5
      17
      13
      10
       9
      12
      10
      12
      11
      15
      16
      11
       8
       4
       9
       7
       6
      13
       9
      10
       9
       7
       8
       9
       9
      11
       4
      10
      16
      17
      13
       8
      10
       7
      21
      13
      11
      15
       5
       9
       9
      10
       9
       9
      11
       9
      10
      19
       5
       6
      12
      12
      11
       9
       9
      12
      11
       7
      10
      15
      13
      11
      11
      12
       9
      10
      11
       7
       5
       6
       5
       9
       8
       6
       8
      11
       9
       7
      11
      12
       6
      12
      12
       7
      10
       7
      12
      10
      14
      14
       9
       5
       9
       3
       9
       9
      11
      13
       9
       7
      12
       7
      12
       6
       8
       6
      11
      15
      10
       7
      11
      11
      12
      10
       8
      11
       9
       5
       9
      10
      11
       9
       8
      12
       9
      10
       8
       9
      15
       9
      10
       9
       9
       7
       9
       8
       3
       7
       6
      11
      14
      10
       9
      14
      14
       8
       6
       8
       4
      11
       8
      11
      15
       7
      11
       9
       8
       6
       9
      12
       7
       7
      16
      12
      12
       7
      12
      10
      13
      10
      11
       8
       9
       7
       8
       6
      12
       8
      11
       6
      11
       9
      14
       7
      15
       7
       9
      12
      14
       8
       9
       9
      10
      10
       9
      10
       7
      13
      11
       8
       4
      18
       7
      12
       5
      10
      10
      10
       6
       4
      13
      12
      13
       3
      13
      18
       4
      11
      16
      13
       7
       5
       7
      15
      13
       8
      11
       5
      12
       2
      16
       8
      13
      12
       5
      12
       9
       9
       5
      12
       6
      11
       9
       7
      15
      12
      10
      10
      10
      10
       9
       6
       9
       8
       5
      12
       8
      14
       8
      16
      15
       9
      14
       6
       6
       8
      10
       5
      13
      12
       8
       7
      15
      12
       9
      13
       8
       6
      11
      12
       7
      10
      11
      10
       8
      12
       8
       7
       7
       9
      13
      15
       9
      12
       8
      12
       8
       5
      12
      12
       6
       8
       7
      10
      12
      12
       7
      11
      10
       9
      12
       9
       6
      11
      11
      11
       9
      14
      14
       8
       6
       5
      13
       5
       7
       4
      11
       7
      11
      10
      14
      10
      10
      10
      10
       9
       6
       3
       8
       4
      10
      14
       8
       8
      12
       5
       7
       6
       9
      14
       9
      12
       9
       8
      13
       7
       9
      15
      14
       9
       8
      11
       9
       7
      13
      11
       8
       9
       8
       6
       5
       9
       8
       9
      10
       8
       6
      13
       5
       4
       6
       8
      10
       6
      13
       5
      12
       5
       6
       4
       9
      10
       6
      10
       3
       6
       3
       4
       6
      10
       9
       7
      10
       8
       0
      12
       5
      12
      11
       8
       6
       6
       4
      10
       5
       5
       7
       8
       8
      14
       4
       8
       8
       7
       3
      10
       5
       7
       8
       7
       8
       9
       5
       6
       6
       5
       8
       4
       7
       9
       3
       4
       4
      14
       9
       6
       3
       8
       4
       8
      13
       1
       6
       6
       9
       3
       5
       9
       6
       5
       7
       8
       4
       8
       6
       3
      10
       5
       3
       9
       5
       5
       6
       6
       8
       7
       6
       9
       6
       5
       7
      11
       4
       6
       6
       5
       2
       5
       7
       6
       5
       5
       6
       3
       3
       3
       7
       2
       7
       6
       4
       3
       2
       6
       6
       8
       1
       8
       5
       3
       4
       5
       7
       6
       3
       7
       2
       5
       8
       6
       8
       6
       6
       3
       3
       3
      11
       4
       3
       7
       2
       5
       8
       9
       4
       2
       2
       3
       2
       5
       3
       6
       4
       3
       2
       6
       8
       5
       8
       4
       5
       4
       2
       3
       4
       2
       7
       6
       2
       1
       9
       7
       2
       4
       5
       7
       6
       4
       1
       9
       4
       5
       5
       9
       4
       9
       1
       7
       3
       4
       6
       5
       6
       5
       8
       8
       4
       4
       4
       4
       0
       3
       2
       4
       4
       5
       4
       5
       2
       6
       1
       1
       1
       4
       2
       7
       2
       3
       4
       5
       0
       9
       4
       7
       3
       4
       5
       3
       3
       5
       4
       3
       4
       4
       2
       4
       3
       3
       8
       4
       4
       4
       4
       0
       5
       3
       4
       9
       6
       1
       1
       6
       5
       3
       2
       3
       3
       4
       1
       2
       3
       2
       2
       3
       6
       1
       6
       5
       4
       5
       7
       7
       3
       4
       4
       6
       5
       2
       4
       8
       8
       5
       3
      11
       8
       6
       6
       3
       5
       4
       4
       3
       7
       8
       5
       5
       5
       4
       4
       4
      10
       4
       2
       3
       6
       5
       3
       6
       4
       2
      11
       7
       1
       2
       5
       8
       7
       9
       6
       5
       5
       5
       6
       3
       2
       5
       5
       3
       8
       6
       6
       4
       7
       4
       6
       9
      10
       3
       6
       7
       5
       8
       3
       8
       6
       6
       8
       6
       4
       9
       3
       3
       6
       9
       5
       8
       3
       7
       8
       4
       6
       8
       5
       8
       4
      10
       3
       8
       4
       6
       6
       6
       7
       4
       6
       4
       5
       2
       7
       6
      13
      13
       4
       7
      11
       9
       8
       5
       9
       7
       2
       6
       6
       9
       7
       5
       7
       4
       5
       6
       3
       7
       8
       6
       6
       9
       2
       4
       4
      10
       8
       6
       3
       7
      10
       4
       1
      12
       7
       5
       2
       6
       7
       4
       3
       5
       2
       6
       4
       7
       6
       8
       2
       2
       2
       2
       1
       0
       0
       0
       0
       0
       0
       0
       0
       0
       0
       0
       0
       0
       0
       0
       0
       0
       0
       0
       0
       0
       0
       0
       0
       0
       0
       0
       0
       0
       0
       0
       0
       0
       0
       0
       0
       0
       0
       0
       0
       0
       0
       0
       0
       0
       0
       0
       0
       0
       0
       0
       0
       0
       0
       0
       0
       0
       0
       0
       0
       0
       0
       0
       0
       0
       0
       0
       0
       0
       0
       0
       0
       0
       0
       0
       0
       0
       0
       0
       0
       0
       0
       0
       0
       0
       0
       0
       0
       0
       0
       0
       0
       0
       0
       0
       0
       0
       0
       0
       0
       0
       0
       0
       0
       0
       0
       0
       0
       0
       0
       0
       0
       0
       0
       0
       0
       0
       0
       0
       0
       0
       0
       0
       0
       0
       0
       0
       0
       0
       0
       0
       0
       0
       0
       0
       0
       0
$ROI:
1
16 17
$PRESETS:
None
0
0
$ENER_FIT:
-296.746185 1.698334
$MCA_CAL:
3
-2.967462E+002 1.698334E+000 -7.114280E-004 keV
$SHAPE_CAL:
3
0.000000E+000 0.000000E+000 0.000000E+000
