$SPEC_ID:
none
$SPEC_REM:
DET# 1
DETDESC# Donnie Sheehan III - Easy-MCA-2k SN 14163589
AP# Maestro Version 7.01
$DATE_MEA:
03/16/2020 14:26:08
$MEAS_TIM:
3064 3065
$DATA:
0 2047
       0
       0
       1
       1
       0
       0
       0
       1
       0
       0
       0
       0
       1
       0
       0
       0
       2
       0
       0
       0
       0
       0
       0
       1
       0
       0
       0
       0
       0
       0
       0
       0
       0
       1
       0
       0
       0
       0
      44
      43
      47
      55
      61
      57
      55
      59
      63
      48
      56
      57
      47
      51
      68
      75
      74
      65
      76
      85
      83
      78
      87
      91
      93
      95
      88
      85
      83
      97
      90
      85
      86
      70
      78
      84
      71
      72
      94
      69
      60
      73
      67
      77
      70
      68
      77
      79
      78
      87
     108
      93
      82
      90
     100
      85
      97
      82
      98
      90
     112
      95
     100
     100
     109
     118
      89
     123
     111
     108
     114
     125
     116
     112
     116
     128
     121
     132
     119
     154
     111
     120
     159
     141
     154
     146
     141
     181
     169
     189
     168
     201
     223
     191
     211
     210
     235
     224
     292
     273
     289
     300
     298
     317
     302
     335
     354
     367
     382
     395
     385
     355
     390
     362
     385
     376
     362
     414
     413
     339
     417
     387
     415
     407
     348
     375
     350
     366
     349
     338
     333
     354
     337
     360
     326
     338
     329
     314
     305
     336
     323
     330
     286
     318
     300
     301
     325
     290
     288
     280
     276
     295
     275
     296
     276
     263
     299
     285
     264
     277
     283
     274
     265
     285
     270
     236
     263
     270
     276
     244
     270
     280
     285
     279
     259
     247
     290
     300
     273
     274
     271
     249
     284
     256
     286
     266
     295
     265
     263
     256
     277
     291
     285
     267
     270
     265
     243
     299
     266
     252
     267
     248
     273
     277
     292
     293
     273
     276
     274
     306
     275
     271
     284
     291
     274
     284
     306
     251
     274
     300
     267
     306
     280
     252
     295
     281
     277
     307
     324
     298
     261
     331
     314
     276
     273
     279
     285
     294
     284
     250
     289
     281
     265
     298
     300
     288
     258
     279
     269
     279
     274
     270
     285
     276
     236
     230
     253
     247
     279
     282
     270
     255
     267
     274
     272
     220
     292
     264
     240
     296
     265
     278
     255
     256
     248
     241
     263
     293
     257
     233
     251
     238
     222
     237
     253
     244
     241
     233
     251
     228
     257
     259
     232
     229
     255
     257
     236
     248
     243
     241
     269
     229
     249
     267
     261
     281
     272
     263
     251
     255
     271
     269
     295
     267
     283
     275
     290
     292
     316
     319
     285
     323
     308
     292
     315
     327
     296
     351
     340
     382
     372
     351
     372
     381
     366
     392
     364
     415
     407
     385
     434
     381
     386
     409
     431
     414
     424
     392
     410
     428
     428
     451
     419
     406
     398
     441
     406
     399
     403
     375
     425
     369
     399
     395
     361
     374
     364
     379
     344
     325
     325
     308
     307
     271
     289
     322
     313
     257
     285
     276
     252
     242
     261
     244
     244
     229
     248
     216
     233
     226
     219
     213
     183
     197
     168
     179
     201
     150
     191
     177
     139
     157
     157
     146
     155
     143
     155
     140
     139
     128
     157
     118
     127
     134
     126
     132
     134
     118
     120
     104
     119
     125
     119
     132
     116
     133
     121
     104
     117
     110
     102
      97
      92
     102
     104
      98
     116
      98
      92
     103
     107
     130
      99
      92
      90
      89
     103
      85
     101
     100
      95
      86
      81
      66
      82
      80
      96
      84
      83
      86
      73
      78
      78
      84
      84
      78
      63
      83
      68
      79
      72
      88
      71
      73
      74
      81
      61
      80
      75
      87
      87
      84
      93
      71
      71
      66
      65
      89
      77
      83
      54
      66
      55
      74
      63
      73
      74
      62
      63
      64
      75
      63
      69
      75
      58
      68
      82
      63
      81
      73
      64
      81
      65
      66
      74
      71
      82
      69
      60
      82
      73
      60
      60
      69
      61
      63
      46
      65
      56
      61
      61
      72
      62
      66
      71
      52
      76
      67
      65
      57
      59
      45
      62
      60
      62
      52
      49
      58
      51
      64
      61
      66
      58
      57
      56
      60
      67
      53
      56
      52
      78
      60
      52
      61
      46
      59
      61
      62
      49
      56
      52
      53
      48
      70
      52
      49
      51
      73
      67
      63
      49
      64
      58
      50
      41
      43
      44
      47
      58
      48
      57
      58
      62
      44
      44
      50
      50
      55
      46
      37
      57
      50
      34
      49
      52
      42
      52
      57
      55
      56
      43
      44
      42
      42
      56
      40
      50
      46
      51
      42
      56
      40
      53
      45
      38
      54
      44
      49
      58
      45
      49
      48
      54
      56
      45
      52
      49
      46
      41
      39
      39
      38
      42
      53
      40
      42
      38
      53
      55
      42
      56
      56
      51
      42
      45
      49
      47
      51
      56
      43
      38
      36
      56
      37
      50
      46
      34
      47
      56
      37
      38
      36
      38
      50
      37
      29
      50
      38
      49
      49
      44
      43
      40
      40
      40
      33
      42
      53
      43
      42
      42
      37
      48
      47
      49
      44
      50
      28
      43
      45
      50
      47
      36
      35
      51
      40
      45
      56
      46
      54
      49
      36
      34
      37
      58
      51
      51
      56
      41
      44
      40
      44
      46
      33
      39
      48
      45
      40
      44
      43
      51
      47
      44
      53
      46
      42
      34
      56
      48
      42
      49
      44
      35
      50
      45
      51
      49
      46
      43
      49
      52
      37
      38
      48
      53
      37
      68
      35
      37
      56
      51
      46
      35
      37
      50
      35
      50
      42
      59
      51
      45
      48
      33
      44
      41
      36
      59
      41
      32
      47
      41
      56
      44
      39
      53
      50
      56
      51
      61
      42
      43
      52
      48
      41
      41
      43
      32
      49
      37
      48
      39
      57
      46
      43
      32
      49
      41
      52
      41
      36
      42
      52
      46
      43
      44
      55
      38
      46
      53
      38
      50
      38
      47
      40
      47
      48
      36
      38
      47
      40
      47
      55
      52
      45
      46
      50
      55
      43
      52
      59
      55
      48
      57
      40
      36
      50
      54
      49
      38
      38
      49
      52
      45
      48
      47
      44
      56
      41
      39
      47
      55
      47
      53
      51
      55
      45
      57
      44
      52
      46
      42
      35
      44
      36
      43
      41
      53
      43
      39
      33
      39
      38
      43
      39
      35
      46
      50
      50
      60
      43
      48
      52
      36
      29
      55
      57
      40
      35
      39
      47
      41
      38
      41
      46
      38
      44
      50
      34
      51
      36
      47
      42
      44
      37
      32
      35
      44
      46
      36
      35
      44
      37
      52
      57
      50
      47
      41
      38
      46
      53
      43
      44
      39
      52
      39
      45
      51
      50
      43
      38
      44
      46
      32
      36
      45
      38
      47
      47
      41
      41
      39
      50
      45
      49
      52
      42
      50
      35
      53
      48
      38
      39
      37
      36
      42
      45
      48
      45
      48
      37
      43
      50
      44
      30
      43
      43
      33
      34
      39
      39
      43
      30
      36
      44
      45
      43
      28
      34
      33
      28
      36
      34
      32
      33
      40
      36
      40
      44
      37
      39
      37
      42
      32
      32
      22
      35
      35
      34
      30
      34
      21
      35
      39
      27
      34
      34
      41
      37
      27
      26
      29
      39
      29
      31
      34
      37
      40
      34
      26
      36
      42
      44
      33
      36
      33
      36
      32
      28
      35
      33
      35
      35
      33
      27
      31
      30
      45
      32
      32
      26
      30
      35
      33
      22
      36
      36
      38
      32
      30
      29
      28
      35
      38
      32
      28
      36
      47
      26
      22
      31
      35
      34
      25
      32
      35
      38
      26
      31
      28
      19
      34
      34
      41
      32
      31
      30
      31
      36
      27
      14
      30
      33
      31
      28
      36
      30
      30
      33
      28
      27
      30
      28
      31
      40
      25
      28
      23
      26
      46
      32
      21
      21
      38
      28
      23
      30
      37
      25
      31
      28
      28
      36
      37
      25
      32
      34
      29
      29
      34
      28
      28
      28
      25
      29
      39
      33
      30
      28
      26
      34
      34
      34
      32
      28
      26
      32
      30
      27
      36
      33
      30
      33
      39
      32
      33
      27
      36
      19
      26
      26
      32
      29
      19
      29
      39
      23
      28
      37
      31
      39
      27
      22
      29
      24
      31
      30
      21
      31
      30
      24
      30
      27
      26
      15
      32
      31
      31
      27
      35
      34
      26
      25
      38
      27
      26
      35
      36
      41
      35
      22
      23
      28
      31
      37
      29
      31
      33
      25
      20
      27
      32
      30
      21
      26
      27
      43
      32
      31
      30
      30
      28
      31
      26
      22
      40
      29
      20
      30
      32
      39
      34
      27
      36
      30
      37
      33
      38
      32
      26
      32
      33
      36
      36
      20
      30
      34
      36
      30
      22
      25
      30
      36
      36
      29
      27
      28
      36
      28
      44
      29
      33
      34
      44
      25
      32
      34
      28
      36
      27
      29
      29
      18
      30
      42
      34
      21
      35
      29
      33
      30
      42
      32
      33
      34
      27
      27
      26
      37
      31
      46
      27
      28
      25
      36
      31
      33
      36
      34
      37
      29
      29
      37
      28
      26
      34
      30
      33
      38
      34
      32
      29
      30
      40
      32
      32
      34
      34
      33
      29
      36
      44
      32
      34
      35
      24
      30
      35
      40
      31
      29
      34
      26
      30
      30
      30
      31
      35
      33
      27
      37
      34
      23
      36
      31
      24
      41
      41
      26
      28
      27
      33
      28
      33
      27
      29
      29
      31
      37
      29
      24
      23
      31
      32
      36
      25
      27
      33
      24
      27
      42
      30
      28
      28
      35
      30
      34
      36
      23
      30
      36
      23
      27
      28
      26
      26
      29
      35
      24
      23
      23
      25
      29
      38
      30
      25
      26
      24
      27
      22
      31
      26
      30
      37
      25
      32
      20
      29
      26
      23
      35
      20
      24
      25
      31
      31
      32
      22
      20
      34
      26
      30
      26
      27
      28
      22
      24
      26
      30
      22
      25
      26
      23
      26
      33
      27
      26
      20
      22
      24
      27
      27
      24
      24
      30
      25
      22
      27
      21
      26
      25
      19
      30
      18
      23
      27
      26
      28
      33
      31
      27
      23
      25
      25
      25
      19
      22
      19
      25
      21
      22
      26
      25
      21
      17
      23
      20
      24
      30
      20
      20
      21
      16
      31
      14
      20
      27
      15
      26
      21
      20
      21
      27
      26
      15
      17
      35
      24
      20
      17
      18
      16
      17
      22
      17
      14
      21
      18
      26
      19
      18
      17
      22
      22
      19
      26
      16
      20
      26
      17
      15
      15
      19
      26
      23
      18
      17
      22
      17
      16
      25
      25
      25
      19
      24
      25
      21
      20
      22
      18
      19
      20
      18
      21
      23
      26
      11
      16
      18
      18
      18
      24
      19
      16
      16
      16
      25
      22
      25
      14
      25
      16
      15
      12
      21
      13
      11
      18
      17
      24
      14
      21
      13
      16
      15
      16
      23
      14
      21
      20
      20
      18
      16
      12
      15
      12
      15
      18
      16
      13
      18
      18
      20
      19
      15
      17
      16
      15
      19
      21
      15
      15
      16
      19
      13
      19
      18
      16
      12
      12
       8
       6
      14
      12
      11
      17
      19
      11
      11
      15
      14
      13
      17
      15
      12
      19
      15
      16
      16
      17
      14
      11
      12
      11
      17
      16
      19
      15
      12
      15
      23
      13
      17
      11
      18
      18
      15
      16
      15
      18
      21
      18
      13
      14
      14
      13
      19
      17
       7
      12
      16
      15
      13
      18
      13
      14
      11
      12
      13
       9
      11
      12
      15
      10
      19
      21
      13
      15
      17
      10
      12
      10
      11
      13
      19
      12
      11
       8
      19
       5
      15
       5
      14
      13
      13
      16
      19
      10
      11
      11
      18
      12
       8
      16
      10
      13
       8
       8
       9
      15
      15
      10
      13
      16
       8
      17
      14
      11
      10
      12
      12
       8
      10
      14
      10
       9
       8
      10
       9
      10
      12
      11
      15
       7
      17
      13
      13
      19
      12
      16
      12
      17
      12
      11
      20
      11
      15
      10
      14
      11
      19
      14
      10
      16
      16
      14
      13
      19
      14
      24
      13
      18
      10
      14
      16
      21
      23
      20
      17
      16
      19
      16
      17
      14
      21
      17
      17
       9
      18
      16
      15
      27
      22
      22
      21
      21
      12
      21
      15
      19
      25
      16
      18
      22
      19
      20
      19
      22
      21
      20
      20
      25
      17
      17
      26
      20
      28
      19
      12
      21
      20
      19
      23
      17
      18
      25
      17
      19
      19
      18
      18
      36
      16
      19
      28
      25
      23
      20
      16
      27
      26
      28
      12
      27
      19
      27
      18
      26
      20
      29
      21
      17
      19
      16
      15
      26
      31
      17
      18
      19
      17
      18
      19
      15
      18
      20
      16
      20
      25
      17
      15
      32
      22
      13
      16
      17
      22
      12
      21
      14
      20
      12
       7
       2
       1
       0
       0
       0
       0
       0
       0
       0
       0
       0
       0
       0
       0
       0
       0
       0
       0
       0
       0
       0
       0
       0
       0
       0
       0
       0
       0
       0
       0
       0
       0
       0
       0
       0
       0
       0
       0
       0
       0
       0
       0
       0
       0
       0
       0
       0
       0
       0
       0
       0
       0
       0
       0
       0
       0
       0
       0
       0
       0
       0
       0
       0
       0
       0
       0
       0
       0
       0
       0
       0
       0
       0
       0
       0
       0
       0
       0
       0
       0
       0
       0
       0
       0
       0
       0
       0
       0
       0
       0
       0
       0
       0
       0
       0
       0
       0
       0
       0
       0
       0
       0
       0
       0
       0
       0
       0
       0
       0
       0
       0
       0
       0
       0
       0
       0
       0
       0
       0
       0
       0
       0
       0
       0
       0
       0
       0
       0
       0
       0
       0
       0
       0
       0
       0
       0
       0
       0
$ROI:
1
16 17
$PRESETS:
None
0
0
$ENER_FIT:
-296.746185 1.698334
$MCA_CAL:
3
-2.967462E+002 1.698334E+000 -7.114280E-004 keV
$SHAPE_CAL:
3
0.000000E+000 0.000000E+000 0.000000E+000
