$SPEC_ID:
none
$SPEC_REM:
DET# 1
DETDESC# Donnie Sheehan III - Easy-MCA-2k SN 14163589
AP# Maestro Version 7.01
$DATE_MEA:
03/16/2020 16:38:40
$MEAS_TIM:
512 512
$DATA:
0 2047
       0
       0
       0
       0
       0
       0
       0
       0
       0
       1
       0
       0
       0
       0
       1
       0
       0
       0
       0
       0
       0
       0
       0
       0
       0
       0
       0
       0
       0
       0
       0
       0
       0
       0
       1
       0
       0
       0
       4
       8
       3
       9
       6
       3
      10
       6
       7
       8
       8
       7
       8
       7
       5
      15
       9
       7
      13
       4
      10
      15
      12
      14
      15
      11
       8
      15
      11
      10
      12
       9
       6
       8
       4
       8
      11
       8
       8
       6
      16
      13
       9
      13
      10
      12
      12
      11
      10
      14
       6
      16
      11
       6
       4
      13
      13
      21
      15
      19
       7
      12
       8
       9
      17
      10
      17
      14
      12
      15
      25
      12
      13
      12
      15
      15
      19
      17
      22
      20
      18
      14
       9
      20
      22
      21
      17
      25
      16
      25
      25
      30
      22
      25
      17
      26
      26
      23
      35
      29
      38
      44
      40
      43
      46
      40
      51
      52
      34
      45
      37
      60
      41
      28
      36
      51
      40
      49
      47
      47
      47
      33
      48
      48
      43
      36
      38
      45
      29
      39
      36
      41
      35
      35
      48
      35
      28
      40
      31
      45
      32
      33
      20
      30
      36
      26
      40
      24
      33
      20
      27
      31
      29
      29
      32
      29
      29
      22
      24
      29
      21
      29
      28
      33
      35
      46
      23
      30
      32
      16
      33
      19
      24
      25
      36
      27
      24
      25
      19
      31
      25
      32
      31
      34
      27
      28
      21
      24
      34
      27
      26
      34
      26
      33
      19
      29
      34
      26
      32
      24
      18
      17
      19
      23
      29
      20
      23
      28
      28
      25
      34
      28
      28
      22
      38
      28
      21
      26
      27
      27
      20
      27
      35
      29
      18
      26
      26
      26
      30
      25
      30
      25
      19
      35
      33
      20
      28
      23
      23
      23
      26
      20
      21
      21
      29
      24
      19
      28
      20
      24
      32
      23
      23
      18
      25
      15
      33
      26
      24
      23
      25
      17
      20
      20
      26
      13
      20
      21
      26
      26
      20
      25
      31
      26
      21
      22
      21
      22
      24
      22
      23
      25
      20
      28
      15
      17
      25
      22
      21
      17
      27
      17
      23
      23
      20
      15
      20
      18
      19
      22
      32
      32
      16
      27
       6
      23
      29
      13
      24
      26
      32
      20
      22
      23
      20
      23
      20
      21
      17
      26
      19
      14
      24
      16
      19
      21
      26
      23
      22
      22
      28
      20
      21
      19
      20
      20
      18
      21
      25
      23
      25
      16
      18
      18
      13
      20
      16
      15
      16
      22
      14
      16
      20
      16
      19
      22
      22
      15
      18
      19
      17
      19
      21
      21
      20
      14
      23
      11
      20
      19
      20
      22
      19
      18
      19
      20
      15
      22
      20
      21
      19
      28
      21
      22
      15
      22
      19
      16
      18
      20
      15
      20
      16
      18
      14
      13
      15
      13
      20
      21
      18
      23
      17
      14
      12
      25
      14
      17
      16
      12
      12
      15
      18
      16
      17
      18
      14
      14
      15
      17
      15
      21
      18
      14
      14
      15
      13
      11
      20
      13
      14
      21
      13
      16
      12
      24
      19
      21
      22
      16
      13
      14
      16
      16
      18
      14
      16
       6
      13
      14
      12
      11
      15
       9
      18
      14
      21
      13
      17
      18
      17
      15
      22
      16
      18
      14
      11
      11
      19
      16
      21
      18
      15
      15
      22
      20
      15
      21
      15
      20
      20
       8
      15
      16
      29
      18
      24
      17
      21
      17
      17
      26
      21
      22
      22
      22
      17
      20
      16
      18
      13
      20
      19
      16
      20
      21
      19
      22
      27
      17
      22
      19
      21
      16
      15
      19
      19
      18
      16
      25
      17
      24
      25
      15
      24
      25
      20
      18
      25
      12
      18
      23
      20
      16
      16
      17
      19
      12
      17
      22
      30
      19
      19
      19
      17
      20
      20
      27
      21
      14
      24
      21
      16
      20
      14
      19
      19
      14
      17
      22
      20
      20
      22
      19
      18
      14
      19
      18
      16
      22
      17
      13
      17
      16
      11
      23
      14
      15
      17
      16
      20
      14
      15
      11
      22
      13
      17
      19
      11
      12
      20
      17
      15
      13
      14
      10
      13
      13
      13
      17
      12
      14
       5
      14
      15
      15
      14
      14
       9
      15
      16
      10
      11
      11
       9
      11
       9
      10
      12
       4
      11
      10
      16
       9
       8
      11
      15
       9
       9
       9
      10
       7
      10
      10
      10
      13
      11
       6
      12
      12
       8
      15
       3
       7
       7
       7
       7
       6
       7
      14
       5
      12
       8
      14
       8
      14
      10
       9
       7
       8
      13
       9
       7
       7
      18
      12
       7
       8
       6
       4
       5
      12
      13
       9
      12
       7
       1
       6
      14
       7
       8
       7
       7
      12
      10
       9
       6
      13
       5
       6
       9
       8
       7
       6
       7
      11
      11
       8
       7
      10
       7
       4
       7
       8
      12
       8
       7
       8
      12
      10
       7
       7
       6
       7
       4
       9
       7
       8
      10
       7
      10
       7
       2
      10
       6
       8
      15
       7
       9
       6
       9
       7
       5
      12
       9
       7
      12
       7
       7
       9
       5
      10
      11
       3
       8
      12
       9
       8
       7
       5
       8
       8
      10
       8
       8
      10
       6
      13
      16
      10
       5
       6
      12
      13
       9
       6
      10
      11
       7
       7
       6
       9
      12
      11
      13
       9
       7
      10
       8
      10
       8
       6
      12
      12
       5
      10
       3
       8
       4
      11
       7
       4
      10
       9
      10
       9
       8
       9
       6
      10
       7
       6
       6
       8
       8
       6
       8
      10
      15
       8
      13
       7
      13
       8
      13
       8
      10
      13
      10
      11
      10
      12
       7
       9
       7
       7
      11
       9
       9
       7
      11
       8
       7
       7
       7
       7
       4
       6
       9
      14
       9
       8
       8
       8
       6
       4
       8
       7
       9
       7
       7
       6
       8
       8
      12
      11
       8
       9
       8
       3
       4
       6
       9
       9
      10
       8
       9
       3
       6
       9
       8
       8
      17
       7
       8
      15
       7
       7
       6
      12
       4
       7
      10
       9
      11
       6
       9
       4
       9
       7
      13
       8
       2
       9
       9
       9
       8
      10
       7
      13
       6
       3
      10
       7
       9
       7
      11
       9
       7
       2
       3
      10
       4
       8
       7
      10
       6
       5
       5
      13
       8
      11
      10
       4
       6
      10
      16
       6
       5
       9
       9
       6
       7
       8
       4
       7
       5
       6
       6
       6
       5
      10
       9
      11
       5
       2
       7
       2
       8
       9
       7
       4
      14
       5
       7
      13
      10
       1
       4
       4
       7
       4
       7
       5
       7
       4
       6
       3
       9
       7
       4
       6
       4
       8
       6
       4
       7
       9
      10
      12
       9
       9
       6
       6
       3
       9
       5
       8
      12
      16
       5
       5
       9
      10
       3
       7
       8
       8
       7
       2
       2
       6
       9
       3
       4
       6
       6
       1
       7
       3
       8
       5
       5
       5
       4
       6
       5
       4
       6
       3
      11
       7
       5
       6
       6
       7
       7
       4
       6
       3
       7
       5
       8
       4
       7
       3
       6
       2
       2
       4
       2
       4
       2
       4
       7
       5
       3
       6
       6
       5
       3
       9
       2
       7
       2
       8
       8
       3
       5
       4
       4
       3
      11
       6
       8
       7
       4
       5
       3
       3
       6
       3
       3
       6
       6
       7
       8
       4
       7
       5
       7
       4
       6
       9
       2
       2
       3
       8
       5
       7
       5
       5
       2
       5
       4
       5
       2
       1
       2
       7
       5
       6
      10
       7
       3
       5
       7
       3
       8
      11
       4
       6
       7
       5
       4
       6
       6
       5
       4
       4
       7
       6
       5
       4
       5
       7
       7
       5
       5
       9
       6
       5
       7
       3
       5
       5
       4
       4
       6
       5
       6
       2
       7
       7
       1
       7
       4
       2
       5
       6
       7
       7
       1
       6
       8
       6
       7
       3
       6
       8
      11
       7
       7
       4
       8
       5
       5
       4
       1
       2
       6
       2
       4
       7
       4
       5
       5
       4
       4
       9
       4
       5
       4
       3
       6
       5
       7
       5
       7
       6
       8
       5
       7
       4
       4
       8
       6
       2
       6
       2
       7
       4
       7
       4
       4
       4
       4
       4
       7
       6
       4
       5
       9
       6
       7
       7
       4
       4
       8
       7
       7
       8
       4
       7
       4
       4
       6
       5
       7
       8
       7
       8
       4
       5
       5
       4
       9
       7
       3
       7
       3
       5
       9
       5
       8
       6
       8
       3
       8
       6
       9
       5
       6
       5
       7
       7
       4
       3
       8
       7
       4
       3
       4
       4
       2
       6
       3
       4
       8
       6
       4
       8
       8
       6
       9
       8
       6
       8
       7
       5
       5
       4
       8
       8
      10
       4
       8
       4
       6
       7
       8
       4
       4
       2
       3
       6
       5
       7
       8
       6
       8
       8
       6
       5
       1
       7
       5
       6
       6
       7
       5
       6
       4
       3
       3
       4
       8
       3
       3
       6
       7
       6
       8
       4
       7
       5
       8
       4
       8
       4
       6
       5
      11
       7
       5
       7
       3
       5
       3
       4
       5
       5
       5
       7
       6
       2
       4
       5
       5
       8
       6
       4
      12
       6
       8
       7
       3
       6
       8
       7
       5
       9
       9
       5
       5
       5
       5
       5
       5
       5
      10
       6
       4
       3
       1
       2
       7
       3
       8
       3
       3
       9
       8
       4
       5
       3
       5
       6
       3
       7
       3
       6
       8
       3
       5
       6
       4
       7
       6
       5
       5
       6
       5
       3
       3
       7
       5
       4
       6
       5
       5
      11
       5
       9
      11
       1
       3
       3
       8
       4
       5
       5
       7
       4
       4
       5
       3
       3
       1
       5
       6
       8
       2
       8
       2
       7
       2
       7
       4
       5
       7
       3
       5
       3
       3
       4
       2
       3
       4
       7
       1
       5
       2
       7
       3
       5
       5
       2
       5
       3
       9
       4
       3
       4
       4
       6
       2
       5
       1
       3
       2
       4
       5
       4
       3
       3
       5
       7
       7
       5
       5
       2
       5
       2
       5
       4
       2
       5
       6
       8
       1
       3
       3
       3
       1
       5
       4
       1
       7
       3
       6
       1
       2
       3
       6
       0
       4
       5
       5
       4
       4
       3
       3
       2
       3
       0
       3
       3
       3
       7
       2
       2
       1
       4
       4
       5
       2
       2
       4
       4
       6
       3
       5
       3
       2
       6
       3
       4
       3
       3
       4
       5
       4
       1
       3
       2
       4
       1
       2
       1
       1
       3
       2
       1
       2
       3
       2
       7
       4
       4
       5
       4
       0
       3
       2
       4
       1
       7
       2
       1
       3
       1
       4
       2
       5
       1
       1
       1
       5
       1
       4
       2
       2
       2
       3
       1
       4
       1
       2
       4
       4
       2
       3
       3
       2
       1
       0
       2
       5
       6
       3
       3
       3
       2
       1
       3
       3
       4
       2
       3
       4
       4
       1
       4
       1
       2
       5
       1
       1
       0
       4
       2
       2
       5
       1
       1
       1
       2
       5
       1
       1
       1
       0
       1
       2
       5
       2
       4
       2
       4
       2
       1
       0
       3
       2
       3
       4
       0
       0
       3
       1
       6
       3
       3
       2
       1
       3
       2
       1
       2
       3
       3
       4
       1
       3
       1
       1
       2
       4
       1
       2
       5
       1
       4
       1
       3
       4
       4
       2
       1
       0
       2
       3
       8
       1
       2
       3
       1
       1
       1
       3
       1
       2
       1
       1
       0
       3
       2
       4
       0
       2
       0
       2
       1
       4
       1
       2
       2
       3
       3
       2
       4
       2
       1
       2
       2
       1
       2
       3
       3
       2
       9
       4
       5
       1
       3
       6
       0
       2
       2
       3
       0
       3
       1
       5
       4
       4
       3
       2
       0
       4
       2
       3
       3
       1
       2
       4
       4
       3
       6
       6
       4
       4
       3
       3
       3
       5
       4
       4
       3
       2
       4
       2
       8
       7
       3
       0
       5
       4
       2
       5
       2
       6
       6
       2
       3
       2
       4
       5
       2
       3
       3
       2
       5
       4
       5
       1
       5
       4
       3
       3
       2
       3
       5
       2
       2
       6
       2
       4
       6
       5
       2
       6
       3
       4
       1
       5
       3
       3
       2
       3
       4
       5
       3
       1
       5
       5
       6
       6
       5
       3
       4
       1
       3
       1
       5
       9
       5
       3
       2
       5
       8
       1
       2
       7
       0
       4
       0
       3
       1
       4
       2
       2
       2
       3
       3
       4
       3
       3
       3
       6
       2
       4
       5
       4
       2
       2
       3
       4
       6
       4
       4
       3
       2
       1
       5
       2
       1
       1
       4
       1
       1
       0
       0
       0
       0
       0
       0
       0
       0
       0
       0
       0
       0
       0
       0
       0
       0
       0
       0
       0
       0
       0
       0
       0
       0
       0
       0
       0
       0
       0
       0
       0
       0
       0
       0
       0
       0
       0
       0
       0
       0
       0
       0
       0
       0
       0
       0
       0
       0
       0
       0
       0
       0
       0
       0
       0
       0
       0
       0
       0
       0
       0
       0
       0
       0
       0
       0
       0
       0
       0
       0
       0
       0
       0
       0
       0
       0
       0
       0
       0
       0
       0
       0
       0
       0
       0
       0
       0
       0
       0
       0
       0
       0
       0
       0
       0
       0
       0
       0
       0
       0
       0
       0
       0
       0
       0
       0
       0
       0
       0
       0
       0
       0
       0
       0
       0
       0
       0
       0
       0
       0
       0
       0
       0
       0
       0
       0
       0
       0
       0
       0
       0
       0
       0
       0
       0
       0
       0
       0
$ROI:
1
16 17
$PRESETS:
None
0
0
$ENER_FIT:
-296.746185 1.698334
$MCA_CAL:
3
-2.967462E+002 1.698334E+000 -7.114280E-004 keV
$SHAPE_CAL:
3
0.000000E+000 0.000000E+000 0.000000E+000
