$SPEC_ID:
none
$SPEC_REM:
DET# 1
DETDESC# Donnie Sheehan III - Easy-MCA-2k SN 14163589
AP# Maestro Version 7.01
$DATE_MEA:
03/12/2020 13:27:01
$MEAS_TIM:
600 603
$DATA:
0 2047
       0
       0
       0
       0
       0
       0
       0
       0
       0
       0
       0
       0
       0
       0
       0
       0
       1
       1
       0
       0
       0
       0
       0
       0
       0
       0
       0
       0
       0
       1
       1
       0
       0
       1
       0
       0
       0
       2
     197
     249
     218
     228
     249
     257
     256
     251
     268
     262
     239
     264
     228
     258
     270
     251
     260
     261
     303
     266
     283
     309
     318
     315
     307
     308
     317
     312
     303
     335
     307
     307
     297
     289
     304
     315
     301
     298
     271
     307
     320
     323
     316
     270
     300
     307
     330
     329
     339
     341
     310
     312
     330
     311
     335
     319
     354
     320
     329
     375
     348
     317
     328
     326
     326
     375
     332
     330
     340
     357
     344
     318
     305
     320
     322
     307
     314
     293
     329
     314
     316
     310
     314
     299
     333
     341
     300
     330
     362
     354
     372
     388
     331
     339
     383
     381
     384
     417
     411
     472
     428
     504
     485
     502
     564
     575
     582
     681
     646
     703
     698
     696
     737
     779
     771
     761
     793
     753
     813
     743
     718
     775
     723
     684
     662
     641
     641
     686
     631
     650
     610
     576
     621
     544
     556
     544
     549
     563
     531
     503
     491
     502
     459
     424
     387
     436
     417
     440
     405
     370
     357
     359
     390
     359
     336
     371
     368
     338
     338
     324
     347
     321
     319
     347
     336
     329
     323
     284
     312
     331
     320
     368
     337
     327
     333
     321
     375
     314
     323
     312
     330
     338
     343
     321
     333
     347
     346
     328
     348
     324
     308
     332
     332
     350
     337
     330
     377
     347
     317
     342
     345
     353
     317
     332
     357
     364
     365
     341
     353
     347
     392
     348
     334
     333
     354
     329
     370
     338
     392
     388
     349
     398
     345
     342
     333
     365
     391
     390
     362
     340
     357
     334
     325
     336
     367
     386
     363
     358
     343
     387
     366
     377
     372
     396
     347
     367
     369
     389
     373
     374
     386
     401
     357
     382
     397
     391
     393
     365
     360
     398
     400
     392
     410
     412
     375
     399
     438
     418
     397
     424
     413
     436
     381
     445
     435
     439
     437
     463
     450
     465
     430
     491
     434
     486
     458
     477
     438
     502
     521
     526
     537
     487
     541
     527
     491
     504
     519
     505
     478
     550
     530
     491
     517
     505
     480
     513
     567
     552
     570
     532
     552
     561
     559
     540
     501
     529
     560
     558
     529
     537
     522
     515
     566
     518
     565
     538
     504
     515
     499
     505
     567
     565
     537
     562
     530
     510
     533
     535
     531
     578
     531
     557
     553
     539
     565
     543
     520
     558
     576
     518
     571
     520
     500
     517
     508
     607
     519
     545
     548
     543
     485
     581
     532
     550
     564
     565
     524
     560
     547
     552
     521
     549
     572
     583
     518
     543
     536
     558
     543
     541
     533
     548
     522
     516
     511
     530
     554
     536
     534
     523
     560
     497
     520
     525
     542
     523
     568
     567
     535
     500
     526
     581
     575
     509
     523
     531
     496
     480
     544
     497
     523
     509
     493
     506
     541
     530
     548
     508
     503
     500
     536
     535
     509
     506
     526
     517
     536
     542
     554
     561
     548
     538
     524
     531
     538
     492
     514
     489
     537
     506
     510
     483
     564
     556
     510
     490
     555
     522
     517
     502
     491
     527
     512
     554
     515
     543
     508
     480
     504
     510
     543
     534
     521
     507
     544
     541
     517
     565
     546
     511
     526
     503
     524
     536
     504
     478
     482
     483
     524
     534
     505
     521
     537
     532
     505
     533
     489
     500
     532
     466
     442
     487
     508
     501
     475
     499
     516
     489
     465
     541
     515
     477
     460
     505
     472
     447
     482
     523
     456
     398
     498
     455
     459
     432
     446
     463
     425
     440
     432
     399
     417
     365
     376
     399
     393
     429
     422
     384
     369
     405
     373
     392
     390
     331
     342
     354
     354
     375
     348
     361
     340
     346
     336
     314
     330
     333
     317
     296
     319
     325
     267
     334
     324
     291
     324
     280
     273
     268
     302
     282
     284
     267
     286
     279
     277
     228
     275
     269
     269
     273
     256
     240
     270
     268
     268
     267
     269
     279
     256
     261
     239
     265
     273
     246
     252
     225
     254
     242
     246
     228
     202
     238
     235
     230
     228
     273
     234
     224
     224
     228
     194
     244
     233
     203
     209
     218
     221
     240
     221
     228
     247
     204
     223
     241
     215
     203
     233
     211
     198
     207
     218
     208
     219
     217
     214
     205
     213
     215
     233
     194
     205
     205
     176
     235
     188
     208
     214
     164
     218
     187
     185
     196
     200
     201
     226
     195
     197
     191
     192
     218
     212
     199
     211
     182
     179
     213
     191
     179
     200
     179
     193
     169
     205
     203
     184
     194
     186
     185
     197
     194
     177
     186
     183
     170
     212
     186
     184
     184
     188
     180
     189
     181
     182
     187
     201
     165
     175
     199
     191
     163
     184
     181
     187
     186
     197
     196
     206
     189
     182
     187
     197
     164
     202
     193
     191
     193
     184
     221
     197
     197
     215
     249
     234
     216
     246
     236
     238
     246
     279
     254
     277
     311
     318
     337
     325
     300
     374
     357
     408
     435
     454
     453
     482
     541
     503
     581
     540
     593
     618
     668
     708
     761
     753
     781
     855
     851
     919
     956
    1052
    1101
    1077
    1148
    1158
    1237
    1329
    1385
    1364
    1510
    1490
    1534
    1656
    1716
    1712
    1745
    1823
    1815
    1884
    2047
    2032
    2081
    2181
    2287
    2211
    2322
    2436
    2439
    2529
    2459
    2479
    2573
    2603
    2719
    2683
    2708
    2714
    2782
    2750
    2774
    2760
    2787
    2787
    2922
    2842
    2675
    2758
    2713
    2727
    2813
    2793
    2880
    2679
    2628
    2704
    2571
    2605
    2485
    2523
    2447
    2545
    2461
    2432
    2189
    2172
    2221
    2222
    2124
    2012
    2096
    1894
    1971
    1883
    1820
    1748
    1733
    1718
    1688
    1534
    1583
    1506
    1450
    1430
    1351
    1286
    1327
    1354
    1272
    1161
    1175
    1187
    1121
    1003
    1039
    1001
     960
     891
     909
     910
     821
     810
     821
     777
     814
     716
     728
     680
     663
     678
     655
     677
     563
     580
     572
     605
     531
     523
     546
     484
     500
     453
     395
     436
     451
     396
     412
     401
     387
     370
     354
     377
     372
     338
     362
     373
     329
     321
     339
     260
     284
     317
     294
     303
     238
     229
     262
     275
     253
     244
     257
     245
     245
     210
     219
     233
     232
     211
     178
     185
     187
     172
     203
     158
     183
     158
     176
     174
     167
     171
     193
     162
     130
     166
     149
     150
     165
     162
     139
     133
     139
     133
     141
     123
     138
     125
     133
     123
     136
     135
     127
     109
     113
     106
     125
     122
     129
     132
     140
     116
     109
     120
     113
      97
     124
     109
     106
     106
     122
     117
     118
     119
     134
     118
     110
     133
      91
     125
     116
     133
     106
     114
     102
     103
      78
     105
     113
      98
      94
     105
      91
      99
     120
     107
     112
     100
     106
     101
      99
     106
      97
      92
     108
      92
     112
     116
      83
     111
     104
     126
     121
     106
     103
     116
     110
     132
     126
     104
     111
      97
     112
      92
     126
     118
     119
     114
     114
     104
     116
     144
     110
     128
     106
     107
      94
     137
     119
     127
     123
     125
     135
     117
     130
     112
     124
     118
     114
     119
     104
     106
     125
     104
     121
     125
     147
     120
     122
     109
     119
     125
     112
     121
     112
     123
     143
     128
     135
     122
     110
     131
     127
     129
     128
     138
     136
     127
     109
     109
     132
     106
     130
     138
     129
     134
     121
     118
     120
     148
     125
     105
     109
     116
     106
     107
     135
     118
     133
     129
     109
     118
     126
     122
     119
     104
     112
     119
     110
     124
     106
     124
      99
     108
      93
     115
     127
     112
     129
     122
     102
     111
      95
     109
     104
     117
     116
     118
     117
     125
     124
      99
     122
     134
     115
     110
     104
     122
     108
     117
     115
     114
     101
     120
      93
     103
     104
      99
     115
      95
     121
     107
      85
     116
     105
     103
     133
     110
      94
     120
     123
     107
     127
     103
     112
     120
     119
     107
      91
     119
     116
      97
     104
     103
      97
     108
     113
     115
     135
      98
     114
     123
     102
      98
     112
     115
     109
     103
      87
     104
     115
     127
     108
      99
     101
      98
     106
     107
     113
     118
     116
     119
     113
     112
     118
     107
     107
     123
      90
     108
     106
      97
     106
      94
     114
     113
      91
     112
     113
     121
     121
      96
     126
     128
     103
     113
      87
     116
     116
     108
     113
     102
     106
     106
     122
     109
     131
     126
     113
     104
     112
     129
     116
     104
     102
     111
     110
      85
     121
     114
      96
     111
     133
     103
     105
     113
     121
     122
     124
      92
     117
     111
     114
     130
     116
     100
     114
     111
     112
     109
     109
     129
     111
     104
     112
     117
     122
     108
     109
     130
     137
     104
     117
     116
     124
     124
     137
     132
     127
     122
     111
     111
     102
     124
     108
     106
     107
     120
     130
     135
     138
     141
     132
     116
     124
     108
     106
     114
     110
     119
     117
     130
     117
     133
     127
     121
     120
     117
     121
     133
     131
     126
     112
     105
     136
     117
     125
     122
     126
     112
     130
     134
     114
     138
     129
     122
     145
     114
     120
     116
     142
     140
     126
     125
     119
     137
     136
     100
     119
     141
     107
     117
     118
     127
     143
     102
     144
     128
     134
     118
     123
     131
     142
     122
     133
     123
     125
     140
     145
     119
     131
     138
     145
     142
     149
     112
     131
     142
     139
     133
     124
     118
     131
     127
     130
     124
     123
     135
     120
     136
      97
     127
     131
     117
     132
     133
     135
     135
     140
     130
     124
     134
     125
     129
     155
     145
     139
     138
     134
     113
     133
     158
     133
     123
     132
     125
     135
     133
     143
     146
     141
     139
     134
     122
     143
     136
     129
     137
     132
     123
     128
     140
     124
     143
     138
     133
     141
     115
     107
     147
     113
     122
     119
      96
     126
     119
     127
     114
     124
     125
     131
     119
     112
     134
     122
     113
     114
     121
     121
     114
     121
      97
      96
     101
     117
     105
      93
     104
      92
     106
     120
      86
     111
      81
     113
     107
     104
      91
     100
      89
      93
      96
      80
      96
      82
      98
     104
      94
      96
      82
     103
      98
      80
      82
     102
      83
     103
      86
      76
      73
      82
      94
      89
      86
      94
      79
      95
      63
      79
      97
      71
      84
      69
      77
      70
      75
      73
      77
      80
      68
      70
      76
      77
      66
      77
      57
      77
      70
      79
      67
      66
      91
      64
      66
      55
      54
      68
      74
      64
      67
      55
      53
      54
      50
      57
      57
      49
      53
      47
      47
      64
      61
      73
      58
      56
      55
      68
      54
      47
      57
      44
      52
      38
      67
      54
      59
      47
      50
      46
      52
      63
      65
      47
      51
      46
      59
      55
      37
      46
      45
      51
      57
      59
      53
      36
      54
      57
      39
      43
      36
      41
      50
      55
      49
      44
      52
      43
      41
      57
      56
      46
      43
      39
      43
      41
      43
      44
      48
      48
      32
      39
      44
      37
      41
      38
      47
      45
      30
      38
      37
      37
      43
      37
      42
      41
      30
      36
      45
      47
      34
      28
      35
      54
      34
      51
      47
      46
      45
      50
      44
      52
      63
      52
      37
      50
      47
      48
      46
      54
      54
      61
      64
      44
      49
      54
      58
      60
      66
      69
      60
      50
      70
      70
      71
      80
      70
      84
      82
      74
      87
      83
      77
      86
      95
      98
      90
     111
     106
     116
     114
     119
     138
     138
     140
     156
     124
     141
     169
     149
     180
     160
     186
     165
     156
     179
     180
     207
     187
     185
     212
     214
     233
     239
     231
     260
     253
     232
     259
     269
     270
     293
     261
     266
     274
     305
     313
     280
     314
     314
     324
     327
     321
     336
     355
     316
     331
     396
     349
     332
     365
     375
     380
     379
     379
     396
     366
     388
     395
     398
     373
     362
     389
     416
     406
     390
     389
     387
     392
     393
     386
     389
     412
     347
     399
     376
     437
     361
     363
     354
     370
     390
     376
     374
     387
     393
     387
     348
     327
     385
     362
     354
     370
     368
     362
     346
     357
     339
     342
     363
     330
     331
     319
     344
     301
     291
     312
     309
     300
     296
     304
     330
     302
     302
     292
     276
     278
     263
     276
     271
     292
     255
     262
     251
     277
     257
     220
     218
     246
     262
     241
     245
     224
     239
     212
     198
     224
     185
     221
     210
     205
     202
     211
     197
     194
     203
     189
     201
     172
     195
     174
     187
     179
     183
     174
     169
     192
     171
     155
     148
     161
     168
     177
     142
     148
     162
     167
     157
     144
     165
     143
     148
     127
     123
     134
     121
     137
     123
     113
     137
     139
     132
     114
     117
      83
     111
     109
     121
      90
     113
     117
     110
     114
     105
     110
     101
     105
      96
     106
      98
      90
      85
      98
      95
      82
      74
      53
      17
       1
       1
       0
       0
       0
       0
       1
       0
       0
       0
       0
       0
       1
       0
       0
       0
       0
       0
       1
       0
       0
       0
       0
       0
       0
       0
       0
       0
       0
       0
       0
       0
       0
       0
       0
       0
       0
       0
       0
       0
       0
       0
       0
       0
       0
       0
       0
       0
       0
       0
       0
       0
       0
       0
       0
       0
       0
       0
       0
       0
       0
       0
       0
       0
       0
       0
       0
       0
       0
       0
       0
       0
       0
       0
       0
       0
       0
       0
       0
       0
       0
       0
       0
       0
       0
       0
       0
       0
       0
       0
       0
       0
       0
       0
       0
       0
       0
       0
       0
       0
       0
       0
       0
       0
       0
       0
       0
       0
       0
       0
       0
       0
       0
       0
       0
       0
       0
       0
       0
       0
       0
       0
       0
       0
       0
       0
       0
       0
       0
       0
       0
       0
       0
       0
       0
       0
       0
       0
$ROI:
1
16 17
$PRESETS:
Live Time
600
0
$ENER_FIT:
-296.746185 1.698334
$MCA_CAL:
3
-2.967462E+002 1.698334E+000 -7.114280E-004 keV
$SHAPE_CAL:
3
0.000000E+000 0.000000E+000 0.000000E+000
