$SPEC_ID:
none
$SPEC_REM:
DET# 1
DETDESC# Donnie Sheehan III - Easy-MCA-2k SN 14163589
AP# Maestro Version 7.01
$DATE_MEA:
03/16/2020 16:08:34
$MEAS_TIM:
335 335
$DATA:
0 2047
       0
       0
       0
       0
       0
       0
       0
       0
       0
       0
       0
       0
       1
       0
       0
       0
       1
       0
       0
       0
       0
       2
       0
       0
       0
       0
       0
       0
       0
       0
       0
       0
       0
       0
       0
       0
       0
       0
       3
       4
       4
       7
       8
       7
       8
       8
       5
       9
      10
       7
       7
       8
       5
       9
       8
       8
      10
      14
       9
      13
      10
       8
      12
       7
      12
      12
       9
       6
      11
      11
       7
       6
       9
       9
      13
      10
       8
      12
       7
      13
       6
      13
      14
       5
       4
       5
      14
      14
      13
      19
      13
      20
      15
      10
      18
      13
       5
      17
      12
      11
       9
      10
       8
      17
      21
      14
      16
      16
      13
      15
      21
      21
       7
      22
      12
      18
      19
      23
      16
      16
      12
      17
      13
      20
      24
      20
      13
      17
      20
      19
      21
      27
      24
      21
      25
      28
      21
      30
      32
      35
      47
      44
      40
      44
      27
      44
      58
      46
      37
      51
      52
      40
      33
      46
      41
      46
      39
      40
      35
      39
      48
      38
      39
      39
      47
      34
      32
      49
      29
      47
      39
      41
      30
      37
      29
      38
      24
      35
      38
      21
      30
      28
      30
      31
      31
      28
      34
      21
      33
      25
      40
      32
      37
      26
      24
      31
      32
      34
      22
      27
      28
      32
      30
      28
      23
      24
      31
      30
      29
      19
      21
      37
      30
      22
      22
      38
      38
      33
      30
      38
      28
      28
      33
      30
      40
      38
      29
      28
      35
      33
      27
      35
      25
      23
      30
      26
      20
      28
      27
      33
      30
      21
      30
      29
      29
      27
      27
      26
      32
      24
      31
      31
      25
      22
      29
      30
      24
      30
      28
      37
      29
      25
      27
      27
      22
      26
      29
      27
      32
      25
      30
      16
      24
      23
      30
      31
      28
      23
      30
      30
      27
      31
      31
      20
      34
      34
      27
      32
      21
      15
      26
      32
      23
      22
      30
      25
      26
      23
      27
      43
      24
      24
      25
      24
      24
      33
      25
      27
      29
      23
      26
      22
      31
      18
      23
      23
      25
      16
      20
      27
      29
      39
      20
      28
      15
      24
      23
      24
      28
      25
      22
      31
      24
      20
      19
      20
      28
      33
      18
      24
      26
      23
      21
      25
      28
      29
      21
      32
      32
      32
      29
      16
      16
      28
      19
      24
      23
      20
      20
      14
      23
      17
      19
      17
      27
      19
      19
      14
      24
      25
      22
      11
      17
      23
      23
      17
      23
      18
      16
      24
      26
      25
      30
      21
      21
      16
      23
      36
      17
      27
      19
      18
      20
      25
      18
      21
      23
      21
      19
      14
      20
      20
      25
      22
      19
      23
      15
      16
      18
      26
      10
      15
      27
      22
      19
      28
      19
      17
      17
      22
      24
      14
      18
      21
      20
      24
      19
      18
      19
      16
      17
      20
      22
      25
      18
      20
      20
      15
      13
      16
      20
      18
      16
      11
      12
      28
      19
      10
      15
      23
      16
      16
      13
      19
      14
      14
      13
      18
      22
      13
      22
      17
      14
      19
      23
      19
      19
      15
      17
      15
      20
      15
      22
      11
      18
       9
      24
      17
      18
      18
      20
      14
      24
      16
      20
      14
      21
      20
      13
      18
      16
      14
      16
      18
      18
      20
      21
      16
      20
      18
      20
      19
      18
      10
      18
      19
      18
      14
      12
      17
      15
      13
      16
      19
      29
       9
      11
      21
       9
      16
      14
      16
      12
      15
      14
      14
      17
      18
      10
      11
      19
      15
      13
      21
      21
      11
      13
      18
      15
      15
      11
      17
      18
      17
      14
      11
      15
      17
      16
      13
      18
      23
      21
      18
       9
      15
      11
      10
      25
      15
      15
      13
      18
      13
      15
      15
      12
      13
      16
      15
      18
       8
       6
      16
      19
      18
      10
       8
      19
      17
      17
      11
      10
      15
      14
       7
      18
       8
      13
      11
      14
      20
      16
      16
      18
      12
      11
      15
      14
      17
      24
      20
      22
      18
      13
      15
      18
      16
      15
      13
      17
       9
      12
      12
      12
      14
       9
      14
       7
      12
      10
      20
      12
      10
      11
      12
      13
      13
      18
      12
      15
      18
      18
      14
      18
      10
      13
      12
      18
      13
      20
      12
      17
      16
      14
      16
      20
      15
      10
      20
      16
      16
      13
      17
      16
      12
      26
      10
      20
      23
      27
      16
      22
      21
      20
      15
      28
      20
      20
      29
      22
      21
      19
      23
      20
      20
      13
      19
      25
      28
      17
      14
      20
      20
      21
      31
      23
      13
      21
      44
      21
      34
      21
      24
      30
      22
      25
      23
      16
      17
      30
      27
      21
      25
      32
      20
      21
      23
      29
      21
      23
      22
      33
      26
      31
      31
      26
      27
      23
      28
      31
      28
      37
      22
      24
      26
      34
      31
      20
      19
      34
      34
      29
      22
      29
      30
      23
      29
      31
      20
      22
      24
      21
      21
      20
      18
      35
      28
      28
      24
      26
      28
      19
      22
      16
      22
      32
      33
      27
      24
      24
      27
      25
      31
      26
      24
      20
      21
      14
      18
      19
      29
      18
      15
      20
      18
      21
      20
      26
      19
      15
      18
      23
      21
      19
      18
      15
      24
      20
      16
      19
      14
      13
      19
      23
      10
      19
       7
      13
      11
      14
      17
      19
      19
       4
      13
      14
      22
      14
      15
      10
      14
      15
       9
      10
      10
      15
       8
      12
      10
      11
       6
      10
      13
      10
      10
      10
      11
       7
      10
      14
       7
      10
       9
       9
       7
      13
      12
       7
       5
       9
       9
       4
       9
       7
       9
       9
      12
       8
       7
       6
       4
       6
       6
       4
       5
       9
       6
       4
       8
       8
       9
       8
       6
       7
       3
       5
       4
       9
       5
       5
       6
       4
       6
      10
       7
       3
       1
       6
       9
       6
       8
       4
      10
       9
       7
       7
       4
       2
       3
       6
       6
       2
       6
      10
       8
       7
      10
       4
       7
       8
       9
       3
       5
       4
       3
       4
       1
       4
       4
       3
       5
       4
       3
      11
      10
       3
       8
       7
       4
       5
       4
       6
      10
       6
       5
       4
       6
      10
       3
       7
       6
       5
       2
       6
       1
       7
       3
       5
       5
       2
       6
       7
       5
       2
       5
       3
       6
       7
       7
       9
       6
       2
       7
       3
       4
       6
       6
       2
       9
       3
       3
       7
       3
       2
       3
       7
       8
       6
       4
       8
       7
       5
       5
       6
       5
       7
       5
       4
       4
      10
       5
       5
       5
       5
       4
       5
       8
       2
       4
       5
       5
       7
       6
       6
       6
       2
       6
       7
       4
       8
       4
       2
       2
       4
       5
       6
       7
       2
       7
       2
       4
       3
       2
       6
       6
       6
       5
       3
       4
       2
       3
       4
       3
       2
       2
       3
       3
       8
       5
       1
       3
       3
       6
       5
       5
       4
       6
       6
       5
       3
       5
       2
       4
       3
       5
       5
       9
       3
       4
       6
       5
       4
       2
       3
       5
       5
       2
       3
       3
       2
       3
       2
       5
       6
       4
       2
       5
       4
       5
       6
       2
       1
       2
       5
       2
       5
       2
       5
       4
       8
       2
       7
       5
       4
       5
       2
       8
       3
       1
       3
       4
       4
      10
       7
       3
       3
       4
       3
       5
       3
       4
       2
       3
       4
       6
       8
       2
       6
       2
       3
       6
       6
       2
       3
       1
       3
       3
       2
       4
       0
       2
       4
       4
       3
       7
       5
       1
       3
       5
       8
       2
       1
       4
       5
       5
       2
       3
       4
       1
       1
       6
       4
       1
       2
       2
       4
       3
       6
       6
       4
       1
       3
       3
       4
       6
       3
       1
       1
       0
       1
       2
       4
       5
       5
       4
       6
       5
       3
       4
       0
       4
       5
       2
       3
       3
       4
       3
       4
       6
       2
       5
       3
       2
       1
       3
       3
       6
       4
       4
       4
       1
       6
       2
       1
       2
       2
       2
       5
       5
       2
       3
       1
       2
       7
       5
       5
       3
       2
       7
       6
       1
       0
       7
       3
       5
       1
       1
       7
       1
       4
       4
       5
       3
       4
       5
       3
       2
       4
       4
       4
       5
       5
       3
       4
       3
       5
       0
       6
       2
       2
       3
       5
       3
       3
       6
       1
       4
       5
       3
       5
       7
       2
       0
       4
       1
       3
       5
       2
       4
       6
       5
       1
       2
       2
       4
       0
       3
       5
       3
       6
       4
       1
       4
       2
       5
       5
       5
       4
       2
       4
       5
       1
       2
       3
       2
       6
       4
       4
       3
       2
       2
       4
       3
       6
       2
       5
       3
       4
       1
       3
       5
       7
       3
       3
       3
       2
       7
       2
       3
       1
       1
       7
       4
       3
       4
       1
       6
       4
       6
       2
       6
       1
       2
       5
       1
       4
       6
       4
       9
       5
       1
       8
       4
       6
       7
       2
       3
       6
       5
       1
       3
       2
       7
       6
       1
       9
       4
       3
       2
       2
       4
       6
       2
       6
       3
       4
      10
       6
       5
       2
       0
       1
       5
       2
       8
       6
       3
       2
       3
       4
       3
       3
       3
       5
       3
       4
       3
       4
       2
       3
       0
       6
       2
       1
       4
       2
       1
       2
       2
       2
       4
       3
       3
       3
       2
       2
       3
       2
       4
       3
       1
       3
       4
       3
       4
       4
       6
       4
       2
       2
       0
       2
       1
       4
       2
       2
       5
       3
       3
       0
       1
       2
       3
       1
       5
       3
       4
       5
       5
       2
       5
       8
       4
       3
       5
       2
       3
       6
       1
       2
       1
       2
       2
       1
       1
       0
       5
       2
       5
       3
       1
       4
       6
       4
       1
       2
       3
       3
       1
       3
       3
       7
       4
       2
       3
       4
       3
       0
       1
       4
       1
       3
       5
       3
       7
       3
       3
       2
       2
       3
       4
       1
       4
       4
       3
       1
       1
       1
       3
       3
       1
       2
       4
       2
       5
       2
       5
       1
       4
       1
       1
       1
       3
       2
       1
       3
       5
       1
       5
       4
       2
       2
       3
       1
       1
       1
       1
       2
       3
       5
       1
       2
       0
       2
       5
       5
       0
       0
       2
       1
       1
       4
       4
       0
       4
       3
       2
       1
       5
       1
       2
       2
       2
       6
       3
       2
       3
       2
       0
       0
       3
       6
       6
       0
       0
       3
       4
       3
       2
       1
       0
       1
       2
       2
       4
       4
       2
       2
       3
       0
       1
       2
       1
       0
       2
       2
       1
       4
       4
       1
       2
       4
       3
       0
       2
       5
       1
       2
       0
       4
       3
       3
       4
       2
       1
       4
       1
       0
       3
       1
       2
       0
       1
       2
       3
       0
       3
       2
       1
       2
       0
       2
       2
       1
       1
       2
       0
       4
       2
       3
       1
       0
       1
       0
       0
       0
       1
       1
       2
       2
       4
       1
       1
       1
       2
       5
       2
       5
       3
       1
       0
       0
       0
       4
       1
       2
       1
       1
       2
       2
       1
       2
       2
       2
       2
       1
       1
       2
       1
       3
       1
       3
       3
       1
       2
       0
       2
       5
       1
       0
       1
       0
       0
       1
       1
       1
       3
       2
       0
       2
       3
       3
       3
       2
       1
       1
       0
       2
       2
       1
       1
       0
       3
       3
       0
       1
       2
       0
       2
       2
       1
       3
       2
       1
       3
       0
       0
       0
       1
       1
       1
       3
       0
       1
       2
       3
       0
       1
       1
       1
       0
       2
       1
       2
       3
       3
       0
       2
       4
       0
       1
       1
       2
       3
       1
       0
       0
       2
       1
       4
       0
       0
       3
       1
       3
       1
       1
       1
       2
       2
       1
       0
       2
       2
       1
       3
       0
       2
       4
       1
       3
       3
       2
       1
       3
       1
       2
       1
       1
       0
       0
       1
       4
       1
       1
       1
       2
       1
       1
       2
       4
       1
       0
       1
       1
       1
       2
       2
       2
       3
       0
       1
       2
       3
       3
       2
       2
       2
       2
       1
       4
       2
       1
       3
       5
       1
       3
       3
       2
       2
       3
       3
       2
       3
       5
       1
       1
       0
       2
       2
       6
       2
       2
       3
       2
       1
       2
       1
       4
       4
       1
       3
       5
       2
       1
       5
       1
       2
       1
       2
       6
       2
       1
       2
       2
       3
       2
       0
       3
       2
       4
       6
       4
       2
       4
       1
       4
       2
       6
       0
       5
       1
       1
       1
       2
       5
       2
       3
       0
       4
       1
       4
       2
       5
       3
       2
       2
       3
       1
       1
       1
       2
       1
       1
       5
       2
       1
       2
       2
       2
       0
       1
       2
       2
       3
       5
       1
       0
       3
       0
       1
       2
       3
       0
       0
       1
       3
       0
       1
       0
       0
       0
       0
       0
       0
       0
       0
       0
       0
       0
       0
       0
       0
       0
       0
       0
       0
       0
       0
       0
       0
       0
       0
       0
       0
       0
       0
       0
       0
       0
       0
       0
       0
       0
       0
       0
       0
       0
       0
       0
       0
       0
       0
       0
       0
       0
       0
       0
       0
       0
       0
       0
       0
       0
       0
       0
       0
       0
       0
       0
       0
       0
       0
       0
       0
       0
       0
       0
       0
       0
       0
       0
       0
       0
       0
       0
       0
       0
       0
       0
       0
       0
       0
       0
       0
       0
       0
       0
       0
       0
       0
       0
       0
       0
       0
       0
       0
       0
       0
       0
       0
       0
       0
       0
       0
       0
       0
       0
       0
       0
       0
       0
       0
       0
       0
       0
       0
       0
       0
       0
       0
       0
       0
       0
       0
       0
       0
       0
       0
       0
       0
       0
       0
       0
       0
       0
       0
$ROI:
1
16 17
$PRESETS:
None
0
0
$ENER_FIT:
-296.746185 1.698334
$MCA_CAL:
3
-2.967462E+002 1.698334E+000 -7.114280E-004 keV
$SHAPE_CAL:
3
0.000000E+000 0.000000E+000 0.000000E+000
