$SPEC_ID:
none
$SPEC_REM:
DET# 1
DETDESC# Donnie Sheehan III - Easy-MCA-2k SN 14163589
AP# Maestro Version 7.01
$DATE_MEA:
03/16/2020 15:37:13
$MEAS_TIM:
343 343
$DATA:
0 2047
       0
       0
       0
       0
       0
       0
       0
       0
       0
       0
       0
       0
       0
       0
       0
       0
       0
       1
       0
       0
       0
       0
       0
       0
       0
       0
       0
       0
       0
       0
       0
       0
       0
       0
       0
       0
       0
       0
       4
       3
       4
       7
       2
      10
       7
       6
       7
       3
      10
       8
       3
       3
       2
      12
      11
       9
       8
       8
      10
      10
      10
      12
      15
       8
       8
      12
       6
       7
       9
       8
       5
      11
      11
       4
       6
       7
       9
       9
       6
       9
      13
       3
      13
       5
       9
       9
      10
       9
       8
       5
      11
      12
       9
       9
      12
      11
      10
      11
      11
      10
      14
      14
      12
       7
      13
      11
      12
       9
      18
      13
      15
      14
       9
      13
      21
      15
      17
      11
      12
      13
      16
      18
      18
      17
      17
      22
      18
      16
      20
      29
      21
      23
      26
      23
      28
      28
      25
      25
      36
      37
      32
      35
      35
      35
      38
      50
      43
      30
      46
      26
      51
      36
      42
      47
      46
      45
      48
      40
      33
      36
      47
      43
      33
      41
      36
      34
      46
      35
      36
      43
      42
      35
      39
      32
      34
      28
      34
      38
      31
      27
      31
      31
      29
      26
      40
      32
      38
      25
      25
      33
      26
      21
      28
      27
      28
      25
      30
      34
      22
      24
      25
      31
      31
      28
      30
      22
      34
      25
      34
      31
      38
      34
      29
      23
      29
      25
      27
      36
      28
      35
      38
      36
      35
      27
      28
      30
      27
      21
      30
      19
      27
      31
      30
      32
      25
      23
      35
      26
      24
      31
      28
      27
      31
      30
      28
      26
      44
      29
      41
      31
      33
      37
      28
      23
      37
      28
      26
      38
      26
      25
      25
      26
      25
      22
      36
      33
      23
      33
      33
      30
      26
      31
      21
      29
      30
      26
      30
      27
      26
      26
      20
      26
      25
      33
      26
      28
      30
      24
      21
      24
      21
      26
      22
      19
      29
      21
      27
      21
      19
      27
      20
      30
      28
      27
      16
      20
      13
      27
      19
      18
      23
      22
      26
      20
      23
      31
      26
      24
      26
      18
      20
      21
      28
      20
      28
      19
      21
      20
      27
      21
      22
      25
      27
      23
      35
      18
      23
      22
      32
      19
      20
      15
      21
      21
      14
      15
      21
      30
      20
      13
      19
      32
      17
      17
      23
      23
      23
      14
      25
      21
      19
      26
      18
      32
      20
      30
      25
      14
      19
      19
      21
      18
      21
      20
      32
      12
      14
      21
      24
      20
      23
      25
      20
      26
      26
      19
      23
      18
      17
      18
      24
      25
      14
      16
      22
      25
      21
      23
      17
      13
      15
      13
      21
      26
      20
      19
      22
      21
      19
      22
      14
      19
      21
      28
      16
      14
      12
      22
      18
      22
      22
      25
      14
      23
      26
      18
      22
      18
      22
      12
      26
      14
      24
      23
      22
      26
      29
      21
      15
      25
      27
      23
      21
      19
      28
      28
      24
      27
      29
      32
      32
      25
      40
      21
      32
      32
      31
      27
      23
      29
      30
      30
      22
      24
      28
      32
      40
      26
      29
      35
      32
      36
      35
      31
      36
      36
      31
      40
      33
      24
      21
      38
      28
      35
      32
      36
      45
      29
      33
      36
      30
      28
      28
      30
      32
      34
      32
      33
      22
      31
      32
      25
      28
      34
      17
      28
      30
      29
      22
      32
      31
      18
      21
      18
      22
      20
      24
      34
      30
      27
      19
      23
      23
      32
      25
      18
      25
      22
      20
      19
      17
      22
      23
      23
      22
      20
       7
      21
      17
      17
      18
      21
      12
      24
      21
      15
      13
      20
      28
      12
      20
      13
      14
      13
      20
      14
      12
      15
      21
       9
      10
       5
      15
      11
      10
      18
      12
      15
      10
      13
      12
      10
      13
      12
      11
      16
       3
       7
      15
       7
       9
      13
      11
      13
      10
       7
      11
      11
       6
       4
       9
      10
      10
      12
       7
       8
      10
      11
      11
      12
       6
      10
       7
      14
       9
       7
       9
       4
       8
       9
       2
       2
      10
       4
       4
       7
       8
       9
      11
       8
      16
       6
       8
       7
       6
       9
      10
       6
       2
       4
      10
       6
       5
       4
       6
       5
       9
       7
       8
       8
      10
       5
       8
      12
      11
       7
       8
      10
       2
       6
       6
       9
       3
       7
       3
       5
       3
       7
       3
       7
       5
       7
       4
       6
       7
       3
       4
       6
       3
       6
       8
       3
       7
      11
       4
       8
       8
      10
       6
       5
       2
       3
       4
       5
       7
       4
       5
       6
       5
       4
       3
       4
       2
       5
       6
       7
       3
       8
       5
       3
       6
       4
       7
       5
       8
       5
       4
       5
       4
       2
       8
       6
       5
       7
       6
       1
       3
       8
       4
       2
       4
       3
       5
       8
       9
       6
       8
       6
       7
       7
      10
       5
       4
       6
       6
       5
       5
       5
       1
       8
       5
       5
       7
       4
       4
       8
       6
       4
       7
       2
       3
       9
       5
       6
       5
       4
       4
       8
       6
       5
       2
       5
       3
       8
       2
       7
       6
       3
       5
       6
       8
       3
       5
       3
       7
       8
       7
       7
       5
       6
       9
       7
       7
       5
       7
      13
       5
      12
       7
       6
       3
       6
       4
       3
       3
       6
       4
       6
       7
       6
       6
       1
       6
       4
       6
       5
       3
       8
       5
       7
       5
       5
       4
       6
       6
       2
       1
       8
       5
       5
       9
       6
       5
       5
       5
       9
       3
       9
       3
       9
       4
       5
       6
       6
       5
       3
       7
       8
       4
       5
       9
       5
       2
       5
       7
       5
       6
       6
       6
       5
      11
       4
       5
       3
       2
       5
       5
       3
       5
       4
       2
       5
       5
       3
       6
       5
       4
       8
       4
       4
       8
       5
       7
       4
       7
       6
       9
       2
       8
       8
       5
       7
       4
       5
       5
       4
       7
       6
       6
       5
       6
       8
       6
       4
       2
       5
       3
       3
       4
       9
       9
       4
       5
       5
       6
       9
       5
       5
      11
       7
       3
       5
       2
       2
       9
       5
       3
       5
       2
       2
       9
       4
       1
       8
       5
       2
       8
       6
      10
       9
       3
       8
       6
       4
       5
       8
       6
       4
       7
       6
       6
       5
       4
       5
       9
       5
       8
       1
       9
       3
       4
       4
       2
       6
       5
       4
       5
       4
       9
       2
       3
      12
       4
       4
       5
       5
       7
       2
       4
       3
       5
       6
       5
       7
       7
      11
       8
       4
       9
       6
       3
       3
       3
       6
       4
       9
       3
       7
       3
       4
       3
       3
       5
       4
       9
       3
       3
       4
       5
       5
       7
       4
       5
       4
       1
       2
       4
       3
       7
       3
       3
       5
       3
       6
       3
       4
       6
       5
       2
       9
       2
       3
       2
       4
       0
       7
       8
       5
       4
       3
       6
       3
       3
       4
       5
      10
       4
       7
       3
       6
       3
       4
       8
       6
       2
       5
       4
       3
       2
       3
       3
       4
       4
       2
       3
       2
       5
       3
       3
       5
       5
       5
       2
       4
       1
       2
       3
       3
       2
       4
       4
       6
       6
       4
       4
       3
       1
       1
       3
       0
       4
       4
       2
       2
       2
       5
       2
       2
       1
       3
       3
       5
       2
       1
       3
       3
       1
      10
       5
       5
       2
       3
       6
       4
       5
       3
       2
       3
       2
       4
       2
       3
       7
       2
       4
       4
       2
       4
       2
       4
       3
       4
       4
       3
       1
       2
       4
       8
       3
       2
       3
       5
       8
       3
       5
       7
       2
       0
       2
       2
       4
       4
       1
       2
       4
       2
       4
       2
       4
       7
       2
       3
       2
       3
       4
       4
       1
       2
       4
       1
       5
       2
       2
       4
       7
       0
       6
       5
       7
       1
       2
       3
       2
       2
       3
       5
       4
       3
       4
       2
       3
       4
       5
       4
       5
       2
       2
       5
       3
       6
       2
       3
       3
       5
       5
       4
       3
       4
       3
       4
       2
       3
       3
       2
       3
       4
       3
       5
       1
       0
       5
       8
       4
       5
       3
       6
       1
       3
       4
       6
       2
       5
       7
       2
       8
       0
       4
       7
       2
       3
       5
       3
       4
       5
       2
       5
       6
       2
       4
       3
       5
       3
       0
       1
       4
       2
       5
       3
       4
       2
       3
       4
       3
       2
       3
       3
       8
       3
       5
       2
       5
       6
       3
       3
       9
       3
       4
       0
       3
       4
       3
       1
       2
       3
       3
       1
       2
       6
       4
       2
       1
       3
       8
       3
       1
       0
       4
       5
       4
       4
       0
       5
       3
       1
       1
       4
       3
       3
       6
       2
       4
       4
       3
       4
       7
       5
       2
       5
       5
       2
       2
       1
       4
       3
       3
       5
       2
       2
       4
       5
       6
       4
       4
       7
       9
       2
       7
       2
       3
       2
       6
       6
       1
       7
       2
       6
       8
       3
       2
       4
       5
       1
       5
       5
       8
       2
       2
       6
       3
       5
       3
       5
       9
       2
       3
       4
       4
       3
       4
       5
       3
       3
       3
       3
       2
       5
       4
       4
       6
       4
       2
       6
       6
       5
       1
      10
       5
       2
       4
       5
       1
       5
       2
       6
       2
       3
       5
       2
       6
       4
       7
       0
       4
       2
       4
       5
       5
       4
       4
       5
       3
       3
       4
       4
       3
       3
       4
       4
       1
       6
       4
       1
       5
       5
       4
       3
       1
       4
       4
       3
       3
       6
       4
       7
       3
       1
       3
       1
       7
       0
       9
       4
       3
       1
       1
       2
       2
       3
       4
       4
       5
       2
       2
       3
       1
       4
       4
       3
       3
       6
       2
       2
       0
       4
       1
       4
       5
       2
       4
       5
       2
       5
       2
       5
       4
       4
       3
       4
       3
       7
       4
       7
       3
       5
       4
       7
       2
       1
       4
       3
       4
       1
       4
       4
       0
       2
       3
       1
       2
       1
       0
       7
       4
       2
       0
       4
       4
       7
       1
       4
       1
       1
       1
       2
       1
       3
       4
       0
       3
       4
       1
       0
       1
       1
       1
       0
       1
       3
       3
       1
       3
       6
       1
       3
       3
       2
       1
       7
       1
       5
       3
       0
       2
       1
       1
       4
       5
       3
       3
       2
       1
       5
       4
       2
       4
       3
       1
       2
       3
       4
       4
       2
       0
       2
       3
       5
       1
       4
       0
       4
       5
       1
       2
       1
       1
       2
       1
       6
       0
       0
       5
       3
       1
       2
       2
       2
       2
       0
       3
       4
       3
       2
       1
       3
       0
       0
       2
       0
       3
       3
       2
       2
       1
       2
       0
       0
       3
       4
       4
       3
       2
       5
       0
       2
       2
       0
       3
       2
       2
       1
       2
       4
       3
       2
       1
       1
       1
       3
       2
       1
       4
       2
       2
       2
       1
       3
       2
       3
       2
       0
       2
       2
       0
       1
       3
       2
       1
       1
       0
       1
       2
       2
       2
       2
       0
       1
       1
       1
       1
       1
       3
       1
       3
       5
       2
       1
       1
       3
       0
       4
       3
       0
       1
       0
       0
       1
       4
       0
       2
       1
       2
       0
       1
       4
       0
       5
       0
       0
       3
       1
       0
       1
       1
       0
       1
       2
       3
       3
       1
       3
       0
       2
       1
       1
       1
       1
       3
       2
       3
       1
       3
       4
       0
       5
       0
       3
       2
       2
       1
       2
       2
       2
       3
       0
       0
       3
       2
       2
       1
       0
       4
       4
       1
       0
       1
       0
       0
       3
       2
       1
       3
       4
       1
       2
       1
       1
       1
       2
       0
       1
       3
       2
       2
       2
       1
       2
       2
       1
       0
       0
       2
       1
       1
       1
       1
       4
       2
       0
       2
       5
       3
       4
       2
       2
       2
       1
       3
       3
       0
       3
       5
       2
       0
       1
       3
       2
       1
       2
       3
       1
       0
       0
       1
       1
       5
       1
       3
       1
       4
       0
       3
       2
       1
       1
       2
       2
       1
       3
       2
       3
       0
       3
       3
       3
       3
       0
       4
       2
       1
       2
       2
       3
       0
       1
       2
       3
       5
       2
       1
       6
       6
       3
       1
       4
       1
       2
       3
       3
       3
       2
       5
       3
       3
       3
       4
       2
       3
       2
       0
       2
       3
       4
       3
       3
       2
       3
       2
       0
       2
       2
       0
       2
       7
       5
       4
       2
       0
       2
       1
       6
       2
       1
       2
       3
       2
       3
       2
       3
       4
       1
       0
       5
       2
       2
       3
       1
       1
       1
       3
       0
       3
       4
       1
       2
       2
       3
       2
       2
       2
       2
       1
       2
       1
       1
       4
       5
       2
       1
       2
       5
       2
       4
       2
       3
       0
       0
       1
       3
       2
       0
       0
       0
       0
       0
       0
       0
       0
       0
       0
       0
       0
       0
       0
       0
       0
       0
       0
       0
       0
       0
       0
       0
       0
       0
       0
       0
       0
       0
       0
       0
       0
       0
       0
       0
       0
       0
       0
       0
       0
       0
       0
       0
       0
       0
       0
       0
       0
       0
       0
       0
       0
       0
       0
       0
       0
       0
       0
       0
       0
       0
       0
       0
       0
       0
       0
       0
       0
       0
       0
       0
       0
       0
       0
       0
       0
       0
       0
       0
       0
       0
       0
       0
       0
       0
       0
       0
       0
       0
       0
       0
       0
       0
       0
       0
       0
       0
       0
       0
       0
       0
       0
       0
       0
       0
       0
       0
       0
       0
       0
       0
       0
       0
       0
       0
       0
       0
       0
       0
       0
       0
       0
       0
       0
       0
       0
       0
       0
       0
       0
       0
       0
       0
       0
       0
       0
       0
       0
       0
$ROI:
1
16 17
$PRESETS:
None
0
0
$ENER_FIT:
-296.746185 1.698334
$MCA_CAL:
3
-2.967462E+002 1.698334E+000 -7.114280E-004 keV
$SHAPE_CAL:
3
0.000000E+000 0.000000E+000 0.000000E+000
